1 0.33359375 0.596875 0.209375 0.246875
1 0.384375 0.29765625 0.209375 0.246875
1 0.33984375 0.10234375 0.2078125 0.2046875
1 0.665625 0.753125 0.209375 0.246875
1 0.79921875 0.91015625 0.1546875 0.1796875
1 0.71015625 0.35625 0.1921875 0.2421875
1 0.84296875 0.31875 0.1921875 0.2421875
1 0.74609375 0.1421875 0.1984375 0.2265625
1 0.1125 0.70078125 0.1984375 0.2265625
1 0.1765625 0.29765625 0.228125 0.25
1 0.0609375 0.475 0.121875 0.2875
1 0.3046875 0.88359375 0.1984375 0.2171875
1 0.23828125 0.85703125 0.1984375 0.2265625
1 0.08984375 0.13203125 0.1359375 0.2203125
2 0.871875 0.628125 0.25625 0.50625
0 0.69453125 0.52265625 0.075 0.1125