1 0.484375 0.80625 0.19375 0.253125
1 0.7265625 0.87421875 0.240625 0.2515625
1 0.51328125 0.2203125 0.196875 0.2125
1 0.07265625 0.08203125 0.1109375 0.1640625
1 0.23828125 0.11796875 0.1890625 0.2359375
1 0.0625 0.36796875 0.125 0.2984375
1 0.203125 0.71171875 0.1578125 0.3015625
1 0.3078125 0.40390625 0.1578125 0.3015625
1 0.91171875 0.3125 0.1765625 0.2875
1 0.07265625 0.69921875 0.1453125 0.2515625
2 0.74765625 0.1765625 0.2359375 0.2953125
0 0.46953125 0.3421875 0.0796875 0.090625
0 0.3984375 0.50078125 0.0796875 0.090625
1 0.80390625 0.6140625 0.19375 0.253125