1 0.79765625 0.51796875 0.2671875 0.2140625
1 0.87578125 0.2828125 0.2484375 0.259375
1 0.2171875 0.4390625 0.2265625 0.2125
1 0.0625 0.87578125 0.125 0.1484375
1 0.1078125 0.70234375 0.215625 0.2078125
1 0.32421875 0.9125 0.309375 0.1734375
1 0.68046875 0.790625 0.3109375 0.18125
1 0.38203125 0.659375 0.3109375 0.18125
1 0.34375 0.07421875 0.296875 0.1484375
1 0.653125 0.91796875 0.265625 0.1640625
2 0.19375 0.2015625 0.3125 0.259375
0 0.334375 0.49296875 0.096875 0.0859375
0 0.48671875 0.57734375 0.096875 0.0859375
1 0.634375 0.1828125 0.2671875 0.2140625