1 0.1296875 0.27890625 0.215625 0.2625
1 0.12734375 0.53125 0.2546875 0.346875
1 0.36171875 0.54375 0.2296875 0.26875
1 0.86328125 0.20234375 0.2109375 0.2453125
1 0.578125 0.103125 0.253125 0.20625
1 0.85390625 0.63125 0.1890625 0.2078125
1 0.36953125 0.203125 0.2328125 0.284375
1 0.790625 0.1109375 0.2 0.221875
1 0.7109375 0.7078125 0.190625 0.221875
1 0.6046875 0.35703125 0.20625 0.215625
1 0.78515625 0.378125 0.209375 0.246875
1 0.6625 0.42890625 0.1921875 0.203125
2 0.4625 0.81640625 0.5125 0.3671875