2 0.215625 0.2046875 0.43125 0.378125
1 0.58046875 0.096875 0.2109375 0.19375
1 0.1453125 0.55703125 0.2125 0.3078125
1 0.7375 0.03515625 0.171875 0.0703125
1 0.86953125 0.57578125 0.1859375 0.2125
1 0.78515625 0.20390625 0.1859375 0.2125
1 0.72578125 0.2203125 0.2015625 0.2609375
1 0.459375 0.13046875 0.203125 0.2609375
1 0.971875 0.6953125 0.05625 0.2375
1 0.91484375 0.640625 0.1703125 0.253125
1 0.684375 0.51640625 0.14375 0.2078125
1 0.60234375 0.50390625 0.1546875 0.2375
1 0.62890625 0.76171875 0.2484375 0.2890625
1 0.6640625 0.9203125 0.203125 0.1453125
1 0.7265625 0.81796875 0.2265625 0.2921875
1 0.37734375 0.91953125 0.2171875 0.1609375
1 0.1359375 0.86484375 0.190625 0.2703125
1 0.3484375 0.58203125 0.2046875 0.2703125
1 0.846875 0.3609375 0.2234375 0.2875