1 0.49609375 0.65390625 0.20625 0.1546875
1 0.45 0.3640625 0.20625 0.1546875
1 0.41484375 0.27734375 0.20625 0.1546875
1 0.18125 0.3515625 0.2375 0.175
1 0.33203125 0.54296875 0.2375 0.175
1 0.13515625 0.6765625 0.20625 0.165625
1 0.084375 0.83671875 0.15 0.1875
1 0.83515625 0.70390625 0.278125 0.2015625
1 0.3125 0.925 0.20625 0.15
1 0.54375 0.1234375 0.20625 0.1546875
1 0.0875 0.434375 0.175 0.140625
1 0.4375 0.83828125 0.18125 0.165625
1 0.6453125 0.9 0.196875 0.1703125
1 0.92734375 0.85859375 0.1453125 0.1703125
2 0.70859375 0.515625 0.2796875 0.265625