1 0.07109375 0.3609375 0.1421875 0.23125
1 0.48203125 0.10078125 0.1859375 0.2015625
1 0.70625 0.17578125 0.1953125 0.253125
1 0.928125 0.55546875 0.14375 0.2421875
1 0.76328125 0.58515625 0.1703125 0.221875
1 0.46796875 0.4421875 0.1859375 0.2375
1 0.47890625 0.63046875 0.1859375 0.275
1 0.3921875 0.77578125 0.2 0.20625
1 0.534375 0.89609375 0.203125 0.2078125
1 0.24765625 0.4796875 0.240625 0.3109375
1 0.8125 0.36328125 0.234375 0.2671875
1 0.38359375 0.25859375 0.1875 0.2328125
2 0.78203125 0.8515625 0.3640625 0.290625