1 0.5734375 0.8390625 0.196875 0.2390625
1 0.90078125 0.91796875 0.1296875 0.1640625
1 0.46796875 0.296875 0.2734375 0.209375
1 0.63359375 0.6265625 0.2296875 0.2046875
1 0.56953125 0.1140625 0.225 0.2234375
1 0.87734375 0.13828125 0.1984375 0.2171875
1 0.41328125 0.6375 0.20625 0.259375
1 0.25859375 0.54375 0.2203125 0.246875
1 0.196875 0.73359375 0.2296875 0.2546875
1 0.0953125 0.2703125 0.171875 0.2671875
1 0.078125 0.45546875 0.15625 0.2671875
1 0.34453125 0.92890625 0.18125 0.13125
0 0.08046875 0.88203125 0.0875 0.1015625
2 0.86953125 0.42578125 0.2609375 0.4734375