1 0.7296875 0.45625 0.2203125 0.196875
1 0.74296875 0.6390625 0.225 0.209375
1 0.7734375 0.89609375 0.25625 0.2078125
1 0.396875 0.9125 0.25 0.175
1 0.47890625 0.42421875 0.25625 0.215625
1 0.2625 0.37890625 0.25625 0.215625
1 0.1890625 0.515625 0.290625 0.240625
1 0.375 0.65703125 0.2453125 0.2046875
1 0.303125 0.7484375 0.28125 0.2265625
1 0.54296875 0.778125 0.215625 0.2140625
1 0.0875 0.7578125 0.175 0.228125
1 0.33203125 0.2625 0.25 0.184375
1 0.4046875 0.07734375 0.25 0.1546875
1 0.60234375 0.10625 0.2375 0.196875
1 0.6109375 0.7640625 0.2640625 0.178125
2 0.82109375 0.25390625 0.3578125 0.4265625