1 0.690625 0.7671875 0.30625 0.240625
1 0.759375 0.5640625 0.2140625 0.2046875
1 0.44453125 0.871875 0.3484375 0.228125
1 0.28203125 0.66484375 0.2515625 0.2046875
1 0.93515625 0.30546875 0.1296875 0.2109375
1 0.04140625 0.70390625 0.0828125 0.1421875
1 0.1546875 0.3703125 0.2703125 0.25625
1 0.1625 0.528125 0.2328125 0.1828125
1 0.66484375 0.10546875 0.2703125 0.20625
1 0.76796875 0.9328125 0.2703125 0.134375
1 0.04296875 0.875 0.0859375 0.103125
2 0.471875 0.46328125 0.4390625 0.39375
1 0.54140625 0.25234375 0.2140625 0.2046875
1 0.27109375 0.28203125 0.2734375 0.2484375