2 0.6921875 0.415625 0.346875 0.4109375
1 0.89140625 0.5109375 0.1609375 0.290625
1 0.2171875 0.83203125 0.19375 0.275
1 0.05703125 0.8515625 0.1140625 0.253125
1 0.1265625 0.87578125 0.1890625 0.2203125
1 0.5171875 0.95078125 0.20625 0.0984375
1 0.6796875 0.9546875 0.20625 0.090625
1 0.696875 0.91796875 0.209375 0.1640625
1 0.30234375 0.428125 0.1890625 0.225
1 0.09296875 0.5234375 0.1859375 0.225
1 0.403125 0.5765625 0.2421875 0.275
1 0.07265625 0.18125 0.1234375 0.225
1 0.9671875 0.44453125 0.065625 0.3109375
1 0.77578125 0.11328125 0.2671875 0.2109375
1 0.55234375 0.66640625 0.159375 0.2046875
1 0.64609375 0.75546875 0.1953125 0.221875
1 0.396875 0.39375 0.190625 0.225