2 0.87890625 0.565625 0.2421875 0.34375
1 0.7078125 0.6546875 0.209375 0.290625
1 0.7203125 0.3296875 0.1609375 0.253125
1 0.6375 0.3296875 0.1609375 0.253125
1 0.6671875 0.1765625 0.1375 0.2046875
1 0.43359375 0.6578125 0.18125 0.2578125
1 0.34140625 0.90625 0.19375 0.1765625
1 0.28203125 0.9 0.19375 0.1765625
1 0.29609375 0.565625 0.1875 0.24375
1 0.16953125 0.44296875 0.1875 0.24375
1 0.4234375 0.43359375 0.2203125 0.2515625
1 0.121875 0.86640625 0.184375 0.2078125
1 0.91640625 0.82265625 0.128125 0.2421875
1 0.96015625 0.26796875 0.0796875 0.2984375
1 0.45390625 0.059375 0.2328125 0.11875
1 0.0890625 0.5421875 0.178125 0.24375
1 0.10078125 0.64140625 0.1875 0.24375
1 0.1078125 0.77109375 0.1875 0.24375
1 0.015625 0.79765625 0.03125 0.2296875
1 0.10703125 0.11484375 0.1578125 0.2296875
1 0.209375 0.134375 0.21875 0.26875
0 0.43125 0.18125 0.0828125 0.109375
0 0.334375 0.159375 0.0828125 0.109375
0 0.52421875 0.0453125 0.0796875 0.090625
1 0.46171875 0.32578125 0.2109375 0.259375