1 0.6109375 0.459375 0.2375 0.2109375
1 0.81171875 0.4484375 0.2796875 0.25625
1 0.571875 0.61328125 0.2484375 0.2140625
1 0.21640625 0.82421875 0.2421875 0.2046875
1 0.065625 0.83046875 0.13125 0.1953125
1 0.11796875 0.25859375 0.1859375 0.1890625
1 0.28515625 0.47421875 0.234375 0.2171875
1 0.934375 0.1578125 0.13125 0.178125
1 0.33515625 0.69609375 0.2875 0.215625
1 0.85234375 0.70078125 0.259375 0.2125
1 0.64140625 0.9453125 0.2640625 0.109375
1 0.4359375 0.89375 0.271875 0.2
1 0.57109375 0.2671875 0.275 0.228125
0 0.9546875 0.48671875 0.090625 0.0921875
2 0.12890625 0.60390625 0.2578125 0.3765625