1 0.36484375 0.11796875 0.2234375 0.2203125
1 0.16953125 0.13046875 0.21875 0.21875
1 0.5984375 0.103125 0.171875 0.20625
1 0.09765625 0.60078125 0.1953125 0.2734375
1 0.23359375 0.46640625 0.25 0.2734375
1 0.88984375 0.61796875 0.2203125 0.2671875
1 0.7890625 0.62109375 0.25 0.2734375
1 0.5546875 0.48984375 0.2 0.2125
1 0.090625 0.80703125 0.18125 0.2359375
1 0.8640625 0.8484375 0.1765625 0.2546875
1 0.96171875 0.26171875 0.0765625 0.2921875
1 0.821875 0.12265625 0.1875 0.15
0 0.31484375 0.77109375 0.0859375 0.10625
0 0.7875 0.9515625 0.096875 0.096875
2 0.503125 0.803125 0.421875 0.39375