1 0.7515625 0.68671875 0.2234375 0.2734375
1 0.84921875 0.8765625 0.1984375 0.246875
1 0.5921875 0.75859375 0.1453125 0.2390625
1 0.6265625 0.51796875 0.2203125 0.2671875
1 0.6890625 0.303125 0.1921875 0.240625
1 0.490625 0.346875 0.215625 0.2578125
1 0.17109375 0.09765625 0.2453125 0.1953125
1 0.925 0.45 0.15 0.25
1 0.90078125 0.284375 0.1984375 0.303125
1 0.4375 0.58671875 0.20625 0.246875
1 0.15078125 0.775 0.2453125 0.21875
1 0.39453125 0.90078125 0.2109375 0.1984375
1 0.5515625 0.91875 0.178125 0.1625
1 0.4015625 0.1046875 0.225 0.209375
0 0.8203125 0.3015625 0.0609375 0.0703125
0 0.74765625 0.11796875 0.084375 0.1
2 0.23671875 0.44375 0.4734375 0.625