1 0.353125 0.56796875 0.21875 0.190625
1 0.9140625 0.6125 0.171875 0.1875
1 0.6578125 0.30703125 0.2546875 0.196875
1 0.59140625 0.10703125 0.2859375 0.2140625
1 0.72265625 0.58359375 0.2390625 0.20625
1 0.796875 0.8859375 0.2328125 0.1859375
1 0.425 0.36875 0.265625 0.1921875
1 0.56953125 0.7953125 0.2890625 0.215625
1 0.1671875 0.20625 0.2765625 0.2171875
1 0.125 0.81328125 0.1984375 0.1875
0 0.30078125 0.7671875 0.103125 0.0984375
0 0.4546875 0.63984375 0.1015625 0.0796875
0 0.31328125 0.45546875 0.1078125 0.084375
2 0.13125 0.4515625 0.2625 0.2875