2 0.45859375 0.3265625 0.46875 0.3265625
1 0.48359375 0.6578125 0.171875 0.1484375
1 0.409375 0.74140625 0.171875 0.1484375
1 0.2859375 0.809375 0.171875 0.1484375
1 0.375 0.815625 0.215625 0.1484375
1 0.396875 0.871875 0.16875 0.11875
1 0.575 0.85703125 0.2140625 0.178125
1 0.73828125 0.10078125 0.2484375 0.1734375
1 0.10625 0.41875 0.2125 0.15625
1 0.18046875 0.61953125 0.228125 0.15625
1 0.23984375 0.59921875 0.234375 0.196875
1 0.23671875 0.48359375 0.203125 0.15625
1 0.70625 0.73125 0.228125 0.15625
1 0.81171875 0.39765625 0.228125 0.15625
1 0.88828125 0.2390625 0.2234375 0.209375
1 0.11484375 0.24140625 0.221875 0.1796875
0 0.35078125 0.15703125 0.0953125 0.0609375
1 0.93671875 0.50078125 0.1265625 0.1515625
1 0.2515625 0.0703125 0.228125 0.140625