1 0.27578125 0.12421875 0.2875 0.196875
1 0.69375 0.09609375 0.2875 0.1921875
1 0.2453125 0.3046875 0.2875 0.196875
1 0.209375 0.83671875 0.2828125 0.21875
1 0.54140625 0.365625 0.26875 0.2046875
1 0.75390625 0.3515625 0.21875 0.20625
1 0.4140625 0.9203125 0.228125 0.159375
1 0.078125 0.465625 0.15625 0.209375
1 0.04921875 0.30859375 0.0984375 0.1796875
1 0.6171875 0.5953125 0.2390625 0.240625
1 0.9015625 0.4796875 0.196875 0.20625
2 0.30625 0.58046875 0.503125 0.44375
0 0.2625 0.9578125 0.09375 0.0640625