1 0.92109375 0.696875 0.1578125 0.19375
1 0.81953125 0.46953125 0.2453125 0.2171875
1 0.6984375 0.24921875 0.2171875 0.2078125
1 0.6703125 0.07109375 0.296875 0.1421875
1 0.675 0.865625 0.3171875 0.2484375
1 0.609375 0.53828125 0.2453125 0.2171875
1 0.57421875 0.425 0.240625 0.1953125
1 0.2546875 0.58671875 0.2453125 0.2171875
1 0.40390625 0.64140625 0.2578125 0.2359375
1 0.525 0.725 0.2578125 0.2359375
1 0.37734375 0.91875 0.2546875 0.1625
1 0.515625 0.25859375 0.23125 0.2
1 0.478125 0.1921875 0.23125 0.2
1 0.29765625 0.30546875 0.246875 0.2359375
1 0.12421875 0.484375 0.246875 0.2359375
1 0.8828125 0.28515625 0.2078125 0.2671875
1 0.3328125 0.80625 0.2171875 0.19375
1 0.21796875 0.81015625 0.2171875 0.19375
2 0.090625 0.290625 0.18125 0.3625