1 0.29921875 0.3640625 0.2171875 0.23125
1 0.49296875 0.68515625 0.2203125 0.2890625
1 0.215625 0.55 0.2078125 0.26875
1 0.74375 0.7890625 0.2375 0.2375
1 0.921875 0.30234375 0.15 0.3125
1 0.3484375 0.14375 0.2328125 0.2671875
1 0.18203125 0.1578125 0.1625 0.2578125
1 0.09921875 0.71875 0.1828125 0.278125
1 0.06953125 0.42109375 0.1390625 0.2453125
1 0.0484375 0.140625 0.096875 0.1875
1 0.4765625 0.88984375 0.2125 0.2203125
0 0.16796875 0.39375 0.0546875 0.0703125
0 0.35703125 0.51640625 0.0953125 0.1078125
2 0.55625 0.3640625 0.35 0.403125