1 0.26328125 0.09765625 0.2671875 0.16875
1 0.6 0.171875 0.2859375 0.2140625
1 0.45625 0.60703125 0.2359375 0.1734375
1 0.38046875 0.425 0.2015625 0.20625
1 0.2484375 0.58203125 0.240625 0.225
1 0.14296875 0.40625 0.240625 0.225
1 0.89375 0.559375 0.2125 0.18125
1 0.76484375 0.6921875 0.209375 0.228125
1 0.15703125 0.8484375 0.2390625 0.209375
1 0.3921875 0.79921875 0.2453125 0.23125
1 0.0828125 0.18671875 0.165625 0.2171875
1 0.84609375 0.2625 0.2265625 0.18125
1 0.646875 0.853125 0.2265625 0.18125
1 0.93671875 0.74765625 0.1265625 0.1765625
2 0.665625 0.4234375 0.5109375 0.396875