1 0.56953125 0.15546875 0.24375 0.23125
1 0.578125 0.31171875 0.175 0.2109375
1 0.8296875 0.225 0.2140625 0.2328125
1 0.6046875 0.80625 0.1921875 0.2296875
1 0.4109375 0.7140625 0.19375 0.2125
1 0.475 0.5640625 0.1765625 0.203125
1 0.2515625 0.79140625 0.2359375 0.265625
1 0.69296875 0.9140625 0.1765625 0.171875
1 0.78203125 0.9140625 0.2109375 0.171875
1 0.6984375 0.45390625 0.265625 0.2796875
1 0.65 0.6265625 0.203125 0.2203125
1 0.33203125 0.15625 0.2203125 0.290625
1 0.86953125 0.5796875 0.1953125 0.2453125
2 0.1375 0.2515625 0.2734375 0.4703125