1 0.440625 0.646875 0.309375 0.1421875
1 0.1734375 0.6796875 0.225 0.2046875
1 0.39453125 0.78359375 0.2015625 0.1625
1 0.56796875 0.8328125 0.2203125 0.1859375
1 0.7671875 0.60546875 0.2484375 0.196875
1 0.54375 0.515625 0.2171875 0.1828125
1 0.42109375 0.371875 0.2171875 0.2015625
1 0.7921875 0.9078125 0.275 0.184375
1 0.2484375 0.89765625 0.2390625 0.1875
1 0.20625 0.37890625 0.2453125 0.1609375
1 0.203125 0.2875 0.26875 0.2140625
1 0.6734375 0.14140625 0.2296875 0.18125
1 0.79765625 0.13671875 0.203125 0.1640625
1 0.36875 0.16484375 0.1984375 0.165625
2 0.778125 0.37734375 0.44375 0.3828125
0 0.2140625 0.49765625 0.065625 0.0546875
0 0.9703125 0.25703125 0.059375 0.0453125