1 0.26171875 0.14921875 0.196875 0.2375
1 0.1609375 0.509375 0.196875 0.2375
1 0.9515625 0.17578125 0.096875 0.2265625
1 0.9265625 0.4546875 0.146875 0.234375
1 0.80625 0.7390625 0.196875 0.2375
1 0.3234375 0.7921875 0.2203125 0.2453125
1 0.084375 0.53359375 0.16875 0.3046875
1 0.49375 0.653125 0.1984375 0.209375
1 0.409375 0.35625 0.196875 0.221875
1 0.29609375 0.89765625 0.1890625 0.175
0 0.60703125 0.975 0.0828125 0.05
0 0.040625 0.81015625 0.0671875 0.0765625
0 0.85625 0.59921875 0.0765625 0.09375
0 0.8796875 0.19609375 0.0859375 0.090625
0 0.6421875 0.04140625 0.0703125 0.059375
2 0.70234375 0.365625 0.4640625 0.5421875