1 0.2390625 0.0953125 0.253125 0.190625
1 0.259375 0.63828125 0.25625 0.2609375
1 0.56015625 0.45546875 0.240625 0.2328125
1 0.7625 0.34921875 0.1984375 0.25
1 0.8859375 0.16328125 0.203125 0.2125
1 0.62265625 0.2390625 0.2140625 0.24375
1 0.48359375 0.2640625 0.2453125 0.2859375
1 0.34453125 0.4453125 0.2125 0.24375
1 0.7796875 0.91328125 0.196875 0.1734375
1 0.19296875 0.42890625 0.2 0.24375
1 0.2390625 0.85625 0.209375 0.2265625
1 0.90078125 0.73046875 0.175 0.3
2 0.5703125 0.75078125 0.46875 0.4984375