1 0.3421875 0.2078125 0.2171875 0.1828125
1 0.25625 0.3796875 0.2171875 0.1609375
1 0.2640625 0.5109375 0.2453125 0.18125
1 0.30546875 0.8 0.2328125 0.1953125
1 0.3421875 0.91875 0.265625 0.1625
1 0.07890625 0.18203125 0.1578125 0.1828125
1 0.6125 0.22734375 0.2765625 0.2046875
1 0.6296875 0.0734375 0.209375 0.146875
1 0.4859375 0.61328125 0.2375 0.1890625
1 0.60234375 0.75703125 0.203125 0.184375
1 0.88359375 0.88828125 0.2015625 0.165625
1 0.84140625 0.10078125 0.2359375 0.2015625
0 0.0640625 0.68125 0.1015625 0.0796875
2 0.8171875 0.46484375 0.365625 0.3734375
0 0.92734375 0.05625 0.0640625 0.071875