1 0.6109375 0.9140625 0.25625 0.171875
1 0.271875 0.534375 0.21875 0.178125
1 0.43359375 0.08828125 0.2484375 0.1765625
1 0.11171875 0.66484375 0.2234375 0.2171875
1 0.6703125 0.165625 0.284375 0.2265625
1 0.90234375 0.11796875 0.1953125 0.1234375
1 0.94296875 0.2484375 0.1140625 0.196875
1 0.946875 0.525 0.10625 0.190625
1 0.91640625 0.7578125 0.1125 0.1828125
1 0.084375 0.85859375 0.16875 0.1515625
2 0.63359375 0.5875 0.3890625 0.33125
1 0.64609375 0.7890625 0.2578125 0.1890625
1 0.46328125 0.77109375 0.2578125 0.1890625
1 0.42578125 0.328125 0.2796875 0.2015625
1 0.27265625 0.4140625 0.2453125 0.1984375