1 0.46796875 0.734375 0.221875 0.24375
1 0.63984375 0.7640625 0.1765625 0.221875
1 0.625 0.5515625 0.1765625 0.221875
1 0.7015625 0.359375 0.1765625 0.221875
1 0.36796875 0.68984375 0.153125 0.1875
1 0.703125 0.075 0.184375 0.15
1 0.42265625 0.10390625 0.2109375 0.2078125
1 0.06953125 0.16875 0.1390625 0.215625
1 0.9015625 0.72265625 0.196875 0.2359375
1 0.7625 0.87734375 0.234375 0.2
1 0.86875 0.1140625 0.171875 0.228125
1 0.92734375 0.36484375 0.1453125 0.2921875
1 0.18828125 0.75390625 0.2203125 0.2859375
1 0.10078125 0.35703125 0.2015625 0.2859375
2 0.2578125 0.41484375 0.246875 0.3125
0 0.5046875 0.55234375 0.0828125 0.0953125
0 0.3984375 0.434375 0.0828125 0.0953125
1 0.78671875 0.365625 0.1328125 0.19375