2 0.72578125 0.2796875 0.353125 0.3328125
0 0.175 0.70390625 0.084375 0.06875
0 0.053125 0.646875 0.10625 0.1
0 0.97109375 0.3140625 0.0578125 0.06875
1 0.628125 0.90078125 0.25 0.1984375
1 0.43828125 0.3875 0.25 0.2203125
1 0.36171875 0.44140625 0.25 0.2203125
1 0.38359375 0.546875 0.25 0.2203125
1 0.3640625 0.62109375 0.25 0.2203125
1 0.4046875 0.696875 0.25 0.2203125
1 0.41484375 0.76015625 0.25 0.2203125
1 0.34921875 0.865625 0.25 0.2203125
1 0.13984375 0.19296875 0.2328125 0.21875
1 0.11953125 0.36171875 0.2328125 0.21875
1 0.15390625 0.48984375 0.25 0.2203125
1 0.57265625 0.07109375 0.2953125 0.1421875
1 0.903125 0.690625 0.1765625 0.2125