2 0.50546875 0.83359375 0.3234375 0.3328125
1 0.425 0.53203125 0.175 0.2265625
1 0.634375 0.30078125 0.1953125 0.240625
1 0.43515625 0.23671875 0.1953125 0.240625
1 0.1109375 0.2328125 0.19375 0.2875
1 0.29375 0.61484375 0.2078125 0.2875
1 0.0484375 0.63125 0.096875 0.271875
1 0.065625 0.47734375 0.13125 0.2046875
1 0.2140625 0.36875 0.15625 0.20625
1 0.34765625 0.0625 0.2078125 0.125
1 0.35234375 0.41875 0.1953125 0.240625
1 0.21171875 0.91015625 0.178125 0.134375
1 0.31328125 0.93125 0.1421875 0.1140625
1 0.69765625 0.5828125 0.1953125 0.2359375
1 0.75703125 0.55859375 0.1234375 0.16875
1 0.93671875 0.57578125 0.1265625 0.2390625
1 0.928125 0.471875 0.14375 0.24375
1 0.9609375 0.1765625 0.078125 0.25
1 0.89453125 0.925 0.1296875 0.15
1 0.809375 0.80078125 0.2328125 0.3125
1 0.68125 0.7765625 0.2171875 0.2546875
1 0.56171875 0.18515625 0.23125 0.2890625