2 0.42265625 0.19765625 0.296875 0.3484375
1 0.30234375 0.4953125 0.215625 0.3
1 0.05078125 0.74140625 0.1015625 0.2921875
1 0.1671875 0.6078125 0.2140625 0.2765625
1 0.10625 0.4515625 0.2125 0.275
1 0.19609375 0.3140625 0.2140625 0.2765625
1 0.12109375 0.24375 0.2109375 0.275
1 0.115625 0.09140625 0.146875 0.1828125
1 0.58515625 0.06328125 0.1890625 0.1265625
1 0.7203125 0.20859375 0.209375 0.2484375
1 0.82109375 0.23046875 0.165625 0.25625
1 0.88203125 0.29375 0.2359375 0.315625
1 0.9515625 0.40390625 0.096875 0.2578125
1 0.9671875 0.1328125 0.065625 0.15
1 0.85234375 0.7453125 0.2015625 0.2203125
1 0.6828125 0.71171875 0.3046875 0.3125
1 0.4890625 0.9015625 0.2 0.196875
1 0.43046875 0.575 0.2015625 0.2203125
1 0.58046875 0.390625 0.2015625 0.2203125
0 0.265625 0.165625 0.075 0.109375
0 0.20625 0.1234375 0.075 0.109375
0 0.3296875 0.028125 0.071875 0.05625
1 0.12890625 0.87109375 0.2203125 0.1890625