1 0.55078125 0.253125 0.25625 0.2125
1 0.86640625 0.5796875 0.190625 0.1875
1 0.090625 0.8484375 0.18125 0.1875
1 0.58046875 0.73359375 0.21875 0.1890625
1 0.35859375 0.32734375 0.21875 0.1890625
1 0.375 0.9140625 0.24375 0.171875
1 0.3484375 0.5234375 0.21875 0.1890625
1 0.22734375 0.0796875 0.2171875 0.159375
1 0.0875 0.24296875 0.15625 0.1609375
1 0.7 0.9359375 0.20625 0.128125
2 0.61875 0.51015625 0.321875 0.21875
0 0.8203125 0.91171875 0.0609375 0.046875
0 0.93046875 0.89296875 0.0875 0.046875