1 0.25546875 0.0953125 0.2859375 0.190625
1 0.1203125 0.53046875 0.240625 0.2015625
1 0.3328125 0.8609375 0.259375 0.2109375
1 0.53984375 0.84765625 0.240625 0.2203125
1 0.7703125 0.95078125 0.275 0.0984375
1 0.77890625 0.84296875 0.2578125 0.171875
1 0.87421875 0.6796875 0.2390625 0.2203125
1 0.671875 0.6671875 0.2140625 0.203125
1 0.734375 0.45390625 0.2140625 0.203125
1 0.45234375 0.6625 0.221875 0.1703125
1 0.07578125 0.7640625 0.1515625 0.175
1 0.0890625 0.33125 0.1625 0.1734375
1 0.26015625 0.2921875 0.2140625 0.1953125
1 0.69921875 0.11875 0.253125 0.2234375
2 0.43046875 0.48125 0.509375 0.3796875