1 0.51171875 0.34296875 0.2 0.2453125
1 0.1609375 0.34765625 0.2015625 0.2453125
1 0.71796875 0.18984375 0.190625 0.2890625
1 0.90703125 0.2421875 0.1671875 0.2859375
1 0.8421875 0.5046875 0.190625 0.2890625
1 0.85703125 0.81328125 0.190625 0.2890625
1 0.78515625 0.8453125 0.1890625 0.2765625
1 0.41796875 0.478125 0.178125 0.2421875
1 0.684375 0.46953125 0.178125 0.2421875
1 0.07109375 0.27265625 0.1421875 0.2421875
1 0.575 0.084375 0.20625 0.16875
1 0.32109375 0.08046875 0.215625 0.15
1 0.3390625 0.46328125 0.159375 0.2359375
1 0.28984375 0.52421875 0.159375 0.2359375
1 0.2359375 0.571875 0.159375 0.2359375
1 0.12109375 0.625 0.159375 0.2359375
0 0.26953125 0.17890625 0.065625 0.0796875
0 0.06953125 0.9203125 0.065625 0.0796875
0 0.240625 0.6984375 0.065625 0.0796875
2 0.559375 0.790625 0.371875 0.41875
1 0.3296875 0.771875 0.1609375 0.2796875
1 0.153125 0.1359375 0.1921875 0.1828125