1 0.57734375 0.4640625 0.23125 0.1765625
1 0.165625 0.82578125 0.2109375 0.1546875
1 0.4953125 0.93046875 0.228125 0.1390625
1 0.28125 0.09296875 0.240625 0.16875
1 0.60859375 0.68671875 0.240625 0.16875
1 0.5234375 0.15390625 0.240625 0.16875
1 0.078125 0.54140625 0.15625 0.1734375
1 0.675 0.31171875 0.19375 0.175
1 0.915625 0.5984375 0.16875 0.1828125
1 0.94375 0.39921875 0.1125 0.221875
1 0.89140625 0.16640625 0.2171875 0.178125
2 0.26484375 0.33125 0.4484375 0.3640625
2 0.35390625 0.6125 0.321875 0.259375
0 0.86328125 0.99140625 0.071875 0.0171875