1 0.11796875 0.38671875 0.2359375 0.2140625
1 0.41171875 0.44609375 0.28125 0.215625
1 0.68046875 0.4875 0.24375 0.20625
1 0.77734375 0.6640625 0.2359375 0.215625
1 0.91015625 0.775 0.1796875 0.240625
1 0.27578125 0.95078125 0.2453125 0.0984375
1 0.28203125 0.2203125 0.3125 0.2671875
1 0.4109375 0.109375 0.2875 0.21875
1 0.2328125 0.79609375 0.271875 0.2328125
1 0.853125 0.4859375 0.271875 0.2328125
1 0.1265625 0.14765625 0.253125 0.1921875
2 0.5125 0.8125 0.44375 0.375
0 0.0984375 0.25703125 0.1 0.0921875