1 0.86328125 0.1625 0.2109375 0.1953125
1 0.6546875 0.25703125 0.21875 0.1921875
1 0.06015625 0.2546875 0.1203125 0.240625
1 0.20703125 0.53203125 0.275 0.1953125
1 0.6296875 0.45078125 0.2203125 0.2015625
1 0.4171875 0.08828125 0.275 0.1765625
1 0.31015625 0.16640625 0.2328125 0.221875
1 0.57109375 0.72890625 0.1859375 0.1546875
1 0.5171875 0.91484375 0.19375 0.1703125
1 0.215625 0.88984375 0.2625 0.21875
2 0.8078125 0.6609375 0.246875 0.2140625
1 0.62109375 0.05703125 0.2046875 0.1140625
1 0.0796875 0.53125 0.159375 0.16875
1 0.21171875 0.6890625 0.2109375 0.1671875