1 0.44453125 0.3984375 0.1875 0.240625
1 0.796875 0.83046875 0.1640625 0.2203125
1 0.91953125 0.5 0.1609375 0.2375
1 0.0734375 0.68671875 0.146875 0.2484375
1 0.67265625 0.375 0.1796875 0.25
1 0.12734375 0.4421875 0.18125 0.2515625
1 0.5046875 0.9125 0.184375 0.175
1 0.29375 0.29453125 0.184375 0.203125
1 0.5921875 0.07421875 0.190625 0.146875
1 0.3921875 0.0421875 0.228125 0.084375
1 0.1515625 0.09140625 0.1875 0.1828125
2 0.2984375 0.7125 0.3859375 0.46875
2 0.5875 0.63125 0.2734375 0.3375
0 0.98984375 0.1265625 0.0203125 0.075