1 0.63671875 0.76171875 0.1984375 0.165625
1 0.56484375 0.503125 0.1953125 0.228125
1 0.7875 0.35 0.134375 0.165625
1 0.765625 0.63203125 0.140625 0.24375
1 0.91171875 0.43828125 0.1609375 0.203125
1 0.90546875 0.61953125 0.1796875 0.190625
1 0.44296875 0.56328125 0.1796875 0.190625
1 0.31875 0.58046875 0.19375 0.20625
1 0.65625 0.93203125 0.1875 0.134375
0 0.26796875 0.86875 0.0546875 0.071875
0 0.36484375 0.95234375 0.0796875 0.071875
0 0.125 0.82890625 0.08125 0.115625
0 0.2359375 0.93984375 0.08125 0.096875
0 0.32109375 0.16171875 0.0796875 0.078125
0 0.86484375 0.1875 0.0484375 0.059375
2 0.88828125 0.84453125 0.2046875 0.309375