1 0.44296875 0.8921875 0.2640625 0.2125
1 0.4953125 0.71640625 0.2640625 0.2125
1 0.2234375 0.78203125 0.2640625 0.2125
1 0.19453125 0.89140625 0.2484375 0.1578125
1 0.41640625 0.4671875 0.2546875 0.20625
1 0.2859375 0.5890625 0.2484375 0.2546875
1 0.10234375 0.61015625 0.2046875 0.2328125
1 0.02109375 0.77265625 0.0421875 0.2140625
1 0.22890625 0.09296875 0.2890625 0.1859375
1 0.07734375 0.23359375 0.109375 0.228125
1 0.18515625 0.446875 0.265625 0.2171875
1 0.5109375 0.203125 0.303125 0.2296875
1 0.4796875 0.103125 0.265625 0.20625
1 0.80234375 0.8859375 0.2640625 0.2125
1 0.73125 0.32890625 0.2640625 0.2125
2 0.75625 0.58359375 0.4875 0.4734375