1 0.89765625 0.6671875 0.1890625 0.2421875
1 0.91640625 0.43359375 0.1671875 0.2484375
1 0.9265625 0.19921875 0.146875 0.2515625
1 0.54375 0.77109375 0.234375 0.2515625
1 0.74453125 0.71953125 0.234375 0.2515625
1 0.65625 0.9109375 0.23125 0.178125
1 0.31953125 0.7671875 0.234375 0.2515625
1 0.25625 0.39296875 0.234375 0.2546875
1 0.3046875 0.184375 0.234375 0.2546875
1 0.17734375 0.06796875 0.2078125 0.1359375
1 0.1609375 0.596875 0.25625 0.303125
0 0.809375 0.51796875 0.0765625 0.0828125
2 0.6078125 0.259375 0.440625 0.51875