1 0.9390625 0.609375 0.121875 0.290625
1 0.77265625 0.2890625 0.2421875 0.3171875
1 0.3796875 0.6 0.1953125 0.2625
1 0.5953125 0.609375 0.2296875 0.225
1 0.4828125 0.80234375 0.2515625 0.26875
1 0.703125 0.84609375 0.2515625 0.26875
1 0.2640625 0.1375 0.2 0.2265625
1 0.1765625 0.315625 0.2546875 0.2359375
1 0.23671875 0.93125 0.2234375 0.1375
1 0.2046875 0.7375 0.259375 0.275
1 0.91953125 0.8328125 0.1609375 0.20625
1 0.58828125 0.09765625 0.2015625 0.1953125
1 0.07890625 0.49375 0.1578125 0.246875
1 0.071875 0.14765625 0.14375 0.1671875
2 0.48984375 0.315625 0.4484375 0.56875