1 0.62734375 0.63046875 0.2640625 0.2578125
1 0.6765625 0.10625 0.2578125 0.2015625
1 0.40546875 0.10078125 0.2734375 0.2015625
1 0.165625 0.0578125 0.2125 0.115625
1 0.34609375 0.28671875 0.2265625 0.2078125
1 0.56640625 0.28125 0.225 0.2
1 0.42890625 0.46875 0.296875 0.1859375
1 0.89375 0.5703125 0.2125 0.196875
1 0.87734375 0.259375 0.2453125 0.2375
1 0.48203125 0.91484375 0.2640625 0.1703125
1 0.25390625 0.8890625 0.2640625 0.190625
1 0.7421875 0.7859375 0.265625 0.203125
1 0.6953125 0.44140625 0.265625 0.203125
1 0.0390625 0.81328125 0.078125 0.2171875
2 0.15546875 0.33203125 0.3109375 0.4046875