2 0.45234375 0.72890625 0.4265625 0.35625
0 0.63984375 0.84609375 0.09375 0.0859375
0 0.6078125 0.89375 0.09375 0.084375
0 0.95546875 0.3703125 0.0671875 0.0734375
1 0.1859375 0.884375 0.2625 0.23125
1 0.79375 0.0921875 0.278125 0.184375
1 0.14375 0.4421875 0.2875 0.259375
1 0.17265625 0.27578125 0.1984375 0.2203125
1 0.67421875 0.4390625 0.2328125 0.221875
1 0.76171875 0.55546875 0.2328125 0.221875
1 0.17265625 0.6875 0.2328125 0.221875
1 0.2515625 0.5875 0.2671875 0.2375
1 0.0671875 0.165625 0.134375 0.1875
1 0.33359375 0.1703125 0.26875 0.2640625
1 0.484375 0.11796875 0.225 0.225
1 0.56015625 0.321875 0.240625 0.2296875
1 0.6921875 0.73125 0.2484375 0.2484375
1 0.85546875 0.840625 0.24375 0.225