1 0.8046875 0.92734375 0.246875 0.1453125
1 0.57578125 0.8734375 0.3515625 0.253125
1 0.38671875 0.8578125 0.240625 0.225
1 0.43203125 0.7296875 0.315625 0.1546875
1 0.0296875 0.8671875 0.059375 0.15625
1 0.15703125 0.45 0.2796875 0.209375
1 0.10390625 0.24140625 0.1671875 0.1703125
1 0.24375 0.615625 0.225 0.2140625
1 0.5375 0.59921875 0.2296875 0.23125
1 0.77109375 0.690625 0.2875 0.23125
1 0.790625 0.56796875 0.2875 0.23125
1 0.7875 0.34765625 0.31875 0.234375
1 0.14765625 0.76171875 0.2953125 0.1703125
1 0.178125 0.88984375 0.2296875 0.1734375
1 0.0828125 0.66953125 0.165625 0.1921875
1 0.521875 0.0515625 0.328125 0.103125
1 0.9625 0.18984375 0.075 0.2203125
0 0.81484375 0.234375 0.115625 0.0828125
2 0.475 0.2953125 0.5140625 0.4546875