2 0.3875 0.45 0.4625 0.378125
1 0.6796875 0.08046875 0.25 0.1609375
1 0.8390625 0.10078125 0.23125 0.2015625
1 0.7765625 0.19765625 0.2578125 0.215625
1 0.64921875 0.2828125 0.2578125 0.1828125
1 0.7109375 0.309375 0.2578125 0.1828125
1 0.746875 0.33984375 0.2578125 0.1828125
1 0.7765625 0.39140625 0.2578125 0.1828125
1 0.80234375 0.8109375 0.246875 0.20625
1 0.92109375 0.84765625 0.1578125 0.1984375
1 0.1765625 0.915625 0.246875 0.16875
1 0.265625 0.9125 0.2625 0.175
1 0.31171875 0.1203125 0.2609375 0.225
1 0.19375 0.21953125 0.2625 0.2375
1 0.11875 0.15234375 0.2375 0.2265625
1 0.08046875 0.565625 0.1609375 0.21875
1 0.94296875 0.37265625 0.10625 0.1515625
1 0.9578125 0.44140625 0.084375 0.1453125