1 0.39765625 0.29375 0.2203125 0.25625
1 0.53984375 0.3078125 0.18125 0.2109375
1 0.9078125 0.69375 0.184375 0.29375
1 0.11875 0.73984375 0.1953125 0.25
1 0.659375 0.52109375 0.2234375 0.259375
1 0.53203125 0.540625 0.203125 0.240625
1 0.434375 0.553125 0.203125 0.23125
1 0.5734375 0.10390625 0.203125 0.2078125
1 0.92578125 0.3890625 0.1484375 0.2375
1 0.65703125 0.2765625 0.203125 0.23125
1 0.25390625 0.71328125 0.2 0.253125
1 0.1421875 0.46953125 0.2421875 0.275
1 0.15859375 0.25625 0.2421875 0.275
2 0.4828125 0.80546875 0.4625 0.3890625