1 0.88359375 0.42421875 0.2328125 0.2109375
1 0.74375 0.7984375 0.234375 0.2109375
1 0.07265625 0.31953125 0.1453125 0.2046875
1 0.64609375 0.5515625 0.271875 0.2515625
1 0.8046875 0.6265625 0.21875 0.2046875
1 0.90859375 0.56328125 0.1828125 0.2140625
1 0.70703125 0.303125 0.234375 0.2109375
1 0.575 0.3015625 0.26875 0.2078125
1 0.28984375 0.8078125 0.2796875 0.234375
1 0.1046875 0.80625 0.1453125 0.1953125
1 0.08203125 0.6328125 0.1640625 0.228125
1 0.6078125 0.93125 0.234375 0.1375
1 0.1078125 0.16875 0.215625 0.18125
1 0.471875 0.15 0.315625 0.2171875
0 0.0984375 0.48984375 0.0953125 0.0703125
2 0.353125 0.56015625 0.4703125 0.4078125