1 0.77421875 0.6203125 0.25625 0.309375
1 0.571875 0.60078125 0.240625 0.2828125
1 0.759375 0.128125 0.196875 0.1984375
1 0.8921875 0.36875 0.215625 0.30625
1 0.921875 0.4890625 0.15625 0.26875
1 0.86171875 0.8875 0.1765625 0.225
1 0.3765625 0.55078125 0.2171875 0.2515625
1 0.2 0.440625 0.2484375 0.2953125
1 0.30078125 0.7953125 0.2484375 0.29375
1 0.68828125 0.890625 0.2453125 0.21875
1 0.05078125 0.60859375 0.1015625 0.2734375
1 0.1921875 0.578125 0.246875 0.2640625
1 0.39375 0.78046875 0.2421875 0.2421875
1 0.35078125 0.06328125 0.2296875 0.1265625
2 0.50546875 0.26484375 0.4484375 0.5296875