0 0.3671875 0.83671875 0.1078125 0.096875
2 0.5109375 0.43203125 0.403125 0.346875
1 0.771875 0.403125 0.2984375 0.3046875
1 0.50390625 0.1890625 0.278125 0.23125
1 0.3515625 0.05234375 0.265625 0.1046875
1 0.246875 0.03828125 0.265625 0.0765625
1 0.16171875 0.07109375 0.1515625 0.1421875
1 0.24921875 0.3359375 0.1953125 0.2171875
1 0.6265625 0.7734375 0.2875 0.228125
1 0.909375 0.47734375 0.18125 0.2109375
1 0.759375 0.1625 0.2875 0.228125
1 0.109375 0.62734375 0.21875 0.2515625
1 0.19921875 0.89765625 0.25 0.1359375
1 0.66953125 0.9421875 0.2640625 0.115625
1 0.8234375 0.784375 0.2640625 0.221875
1 0.859375 0.92734375 0.115625 0.1453125