1 0.79921875 0.2234375 0.175 0.23125
1 0.46328125 0.53125 0.2234375 0.253125
1 0.07109375 0.48828125 0.1421875 0.2234375
1 0.13984375 0.6609375 0.2015625 0.25
1 0.19609375 0.925 0.1984375 0.15
1 0.25546875 0.8265625 0.2046875 0.2453125
1 0.12890625 0.85234375 0.196875 0.24375
1 0.265625 0.4265625 0.2234375 0.253125
1 0.378125 0.1140625 0.1734375 0.2203125
1 0.1046875 0.13046875 0.175 0.1765625
1 0.24453125 0.1109375 0.175 0.1765625
1 0.88125 0.053125 0.13125 0.10625
1 0.78125 0.83359375 0.16875 0.2515625
2 0.93046875 0.78671875 0.1390625 0.3234375
0 0.521875 0.91640625 0.0890625 0.096875