1 0.8578125 0.553125 0.1375 0.228125
1 0.578125 0.309375 0.19375 0.228125
1 0.11875 0.50234375 0.14375 0.215625
1 0.253125 0.553125 0.165625 0.2203125
1 0.3421875 0.103125 0.1921875 0.20625
1 0.50625 0.06875 0.196875 0.1375
1 0.70390625 0.06875 0.14375 0.1375
1 0.8359375 0.053125 0.125 0.10625
1 0.75 0.728125 0.15 0.175
1 0.5890625 0.9140625 0.175 0.171875
1 0.765625 0.928125 0.1625 0.14375
1 0.3625 0.928125 0.1625 0.14375
1 0.15234375 0.14375 0.13125 0.2078125
1 0.3234375 0.30078125 0.15 0.19375
1 0.1703125 0.7234375 0.1625 0.20625
2 0.53203125 0.63671875 0.2859375 0.4
0 0.9109375 0.35078125 0.1109375 0.134375