1 0.515625 0.91328125 0.1625 0.1734375
1 0.2046875 0.82421875 0.1921875 0.23125
1 0.053125 0.740625 0.10625 0.228125
1 0.159375 0.61953125 0.1921875 0.2328125
1 0.165625 0.0578125 0.1875 0.115625
1 0.3890625 0.1 0.21875 0.2
1 0.5765625 0.11953125 0.190625 0.2390625
1 0.94296875 0.1296875 0.1140625 0.14375
1 0.91953125 0.38203125 0.1609375 0.2515625
1 0.85859375 0.915625 0.1828125 0.16875
1 0.61328125 0.7234375 0.2375 0.271875
1 0.55546875 0.51875 0.2375 0.271875
1 0.13125 0.3671875 0.2078125 0.225
1 0.36875 0.6078125 0.234375 0.26875
2 0.71484375 0.30546875 0.4109375 0.475