1 0.146875 0.48125 0.171875 0.20625
1 0.08828125 0.71015625 0.1546875 0.2109375
1 0.02890625 0.82265625 0.04375 0.2375
1 0.1265625 0.90625 0.190625 0.1875
1 0.871875 0.7984375 0.165625 0.21875
1 0.89140625 0.93515625 0.196875 0.109375
1 0.71015625 0.75234375 0.221875 0.2828125
1 0.6515625 0.43359375 0.175 0.25625
1 0.90078125 0.08984375 0.1421875 0.1796875
1 0.65546875 0.1984375 0.18125 0.2125
1 0.55859375 0.9703125 0.1484375 0.059375
1 0.75859375 0.20859375 0.1765625 0.28125
1 0.01796875 0.5921875 0.0359375 0.2125
1 0.55 0.603125 0.171875 0.20625
2 0.43203125 0.3484375 0.434375 0.5359375