1 0.85 0.190625 0.2453125 0.19375
1 0.71484375 0.2859375 0.2625 0.203125
1 0.7828125 0.46640625 0.259375 0.2171875
1 0.92265625 0.478125 0.1546875 0.209375
1 0.8625 0.68359375 0.2625 0.2203125
1 0.4875 0.809375 0.2671875 0.2203125
1 0.6125 0.61640625 0.284375 0.234375
1 0.55078125 0.09375 0.2453125 0.1875
1 0.3171875 0.09921875 0.2375 0.1984375
1 0.11875 0.121875 0.190625 0.1953125
1 0.28984375 0.70234375 0.215625 0.171875
1 0.2609375 0.80390625 0.215625 0.171875
1 0.08203125 0.89609375 0.1640625 0.1515625
1 0.084375 0.746875 0.16875 0.171875
1 0.8125 0.92890625 0.265625 0.1421875
1 0.74609375 0.796875 0.2859375 0.234375
2 0.2328125 0.378125 0.4515625 0.465625