2 0.57734375 0.49921875 0.265625 0.2140625
0 0.4890625 0.346875 0.06875 0.0640625
0 0.40625 0.44765625 0.06875 0.0640625
0 0.28359375 0.075 0.0796875 0.059375
1 0.56953125 0.12734375 0.3078125 0.2546875
1 0.80546875 0.05703125 0.2171875 0.1140625
1 0.74921875 0.0484375 0.2171875 0.096875
1 0.790625 0.1875 0.2296875 0.2203125
1 0.871875 0.3109375 0.2265625 0.2171875
1 0.3671875 0.709375 0.2421875 0.2109375
1 0.16328125 0.80546875 0.2328125 0.184375
1 0.11328125 0.58046875 0.2265625 0.1828125
1 0.56953125 0.6828125 0.2390625 0.2015625
1 0.87265625 0.73515625 0.2125 0.16875
1 0.93671875 0.83046875 0.1265625 0.1765625
1 0.3390625 0.57265625 0.25625 0.209375
1 0.25703125 0.4984375 0.25625 0.209375
1 0.190625 0.3671875 0.2453125 0.215625
1 0.8 0.46953125 0.2203125 0.190625
1 0.778125 0.5953125 0.21875 0.1890625
1 0.96953125 0.6609375 0.0609375 0.184375