1 0.59140625 0.403125 0.1796875 0.2484375
1 0.528125 0.08828125 0.2 0.1765625
1 0.271875 0.14375 0.1609375 0.2203125
1 0.82578125 0.6359375 0.171875 0.228125
1 0.7359375 0.48515625 0.1875 0.2390625
1 0.796875 0.2453125 0.1875 0.2390625
1 0.58359375 0.865625 0.2140625 0.26875
1 0.0421875 0.546875 0.084375 0.25
1 0.42890625 0.85859375 0.2078125 0.2828125
1 0.059375 0.14140625 0.11875 0.1921875
2 0.26875 0.44609375 0.3375 0.3859375
0 0.86171875 0.47421875 0.0640625 0.0796875
0 0.2140625 0.04375 0.059375 0.03125
0 0.01328125 0.159375 0.0265625 0.05625
0 0.60078125 0.2484375 0.06875 0.0796875