1 0.803125 0.8234375 0.2796875 0.209375
1 0.13515625 0.80546875 0.2015625 0.19375
1 0.728125 0.3046875 0.2859375 0.2125
1 0.8375 0.1703125 0.25 0.23125
1 0.81796875 0.04921875 0.2234375 0.0984375
1 0.88828125 0.496875 0.2234375 0.21875
1 0.2734375 0.178125 0.2390625 0.2046875
1 0.059375 0.2734375 0.11875 0.178125
0 0.25234375 0.90546875 0.1015625 0.0953125
0 0.265625 0.36640625 0.0890625 0.0671875
2 0.590625 0.521875 0.521875 0.440625
1 0.09921875 0.5875 0.1984375 0.20625
1 0.1375 0.93203125 0.153125 0.1359375