1 0.80078125 0.86796875 0.215625 0.178125
1 0.90546875 0.44921875 0.1890625 0.1765625
1 0.8140625 0.31328125 0.221875 0.2046875
1 0.61171875 0.23671875 0.2140625 0.184375
1 0.396875 0.2421875 0.225 0.1890625
1 0.54140625 0.3828125 0.228125 0.1671875
1 0.2828125 0.70234375 0.221875 0.1984375
1 0.278125 0.428125 0.2640625 0.2125
1 0.11015625 0.78828125 0.2203125 0.2078125
1 0.1140625 0.56015625 0.228125 0.2234375
1 0.4234375 0.84375 0.221875 0.1984375
1 0.49375 0.9109375 0.221875 0.178125
1 0.4421875 0.57890625 0.2421875 0.20625
1 0.21015625 0.1109375 0.2640625 0.2125
1 0.47421875 0.08671875 0.2453125 0.1734375
1 0.9109375 0.15 0.178125 0.196875
1 0.6890625 0.08828125 0.228125 0.159375
1 0.09296875 0.38359375 0.1796875 0.1828125
2 0.75546875 0.62734375 0.4890625 0.403125