1 0.78828125 0.321875 0.246875 0.2125
1 0.790625 0.02890625 0.23125 0.0578125
1 0.31796875 0.5828125 0.2265625 0.28125
1 0.5734375 0.33046875 0.2171875 0.2421875
1 0.1171875 0.54375 0.234375 0.2359375
1 0.0796875 0.2515625 0.159375 0.2125
1 0.65 0.53125 0.2671875 0.221875
1 0.60859375 0.70390625 0.2578125 0.2359375
1 0.80390625 0.70390625 0.265625 0.2453125
1 0.40625 0.9203125 0.275 0.159375
1 0.58515625 0.90390625 0.2734375 0.1921875
1 0.934375 0.5046875 0.13125 0.190625
0 0.96171875 0.7671875 0.0765625 0.09375
0 0.7609375 0.94765625 0.0671875 0.0296875
2 0.31171875 0.16015625 0.4796875 0.3203125