1 0.35546875 0.17578125 0.2234375 0.246875
1 0.53203125 0.23359375 0.1796875 0.2359375
1 0.40703125 0.90390625 0.1859375 0.1921875
1 0.5546875 0.51484375 0.19375 0.25
1 0.65390625 0.24296875 0.1625 0.2140625
1 0.1359375 0.55546875 0.2109375 0.2671875
1 0.1515625 0.746875 0.1859375 0.209375
1 0.0421875 0.796875 0.084375 0.19375
1 0.1953125 0.88125 0.1765625 0.1421875
1 0.3859375 0.6765625 0.1859375 0.209375
1 0.31796875 0.60078125 0.2 0.246875
1 0.80078125 0.9375 0.1984375 0.125
1 0.8890625 0.7765625 0.1609375 0.259375
2 0.64921875 0.784375 0.4453125 0.43125
0 0.309375 0.290625 0.0828125 0.0953125
0 0.05390625 0.45390625 0.0953125 0.1015625