1 0.2140625 0.34609375 0.296875 0.2234375
1 0.2078125 0.56484375 0.2046875 0.1953125
1 0.421875 0.17109375 0.3421875 0.20625
1 0.640625 0.32421875 0.24375 0.1890625
1 0.1 0.8734375 0.1453125 0.2
1 0.9 0.20546875 0.1546875 0.1390625
1 0.8515625 0.57265625 0.2578125 0.2421875
1 0.796875 0.421875 0.225 0.16875
1 0.4328125 0.94375 0.25625 0.1125
1 0.10546875 0.1703125 0.2109375 0.190625
1 0.86015625 0.040625 0.1921875 0.08125
2 0.515625 0.57578125 0.421875 0.3703125
1 0.5109375 0.80234375 0.2046875 0.1953125
1 0.76484375 0.69375 0.2625 0.234375