1 0.1890625 0.18203125 0.2390625 0.2828125
1 0.7375 0.67265625 0.240625 0.2921875
1 0.5640625 0.709375 0.240625 0.2921875
1 0.4265625 0.86796875 0.271875 0.2640625
1 0.22578125 0.82265625 0.2046875 0.2765625
1 0.80625 0.2 0.228125 0.25
1 0.36484375 0.0890625 0.1796875 0.16875
1 0.2421875 0.43671875 0.240625 0.2921875
1 0.928125 0.3796875 0.14375 0.26875
0 0.9546875 0.859375 0.090625 0.11875
0 0.740625 0.9 0.0828125 0.1015625
0 0.82734375 0.36484375 0.1 0.134375
2 0.56875 0.2546875 0.4203125 0.509375