1 0.6140625 0.85703125 0.28125 0.209375
1 0.2375 0.43515625 0.28125 0.209375
1 0.40703125 0.6484375 0.2390625 0.2421875
1 0.6015625 0.225 0.2328125 0.1859375
1 0.48046875 0.12109375 0.2328125 0.1859375
1 0.221875 0.1828125 0.2953125 0.2046875
1 0.21015625 0.86640625 0.2859375 0.2171875
1 0.0796875 0.74375 0.159375 0.19375
1 0.31640625 0.06484375 0.2328125 0.1296875
1 0.71875 0.1078125 0.2453125 0.1875
2 0.7296875 0.5484375 0.540625 0.4375
0 0.73671875 0.75390625 0.084375 0.0734375
0 0.35625 0.8421875 0.109375 0.0984375