2 0.45 0.2390625 0.340625 0.2953125
0 0.65078125 0.74765625 0.090625 0.103125
1 0.2578125 0.52421875 0.28125 0.234375
1 0.13984375 0.46328125 0.2296875 0.1671875
1 0.3828125 0.6984375 0.2140625 0.19375
1 0.39453125 0.81640625 0.2328125 0.2328125
1 0.484375 0.46796875 0.26875 0.2375
1 0.6390625 0.409375 0.26875 0.2375
1 0.74296875 0.27734375 0.26875 0.2375
1 0.86953125 0.4546875 0.2609375 0.2375
1 0.8765625 0.6796875 0.246875 0.2375
1 0.34765625 0.9234375 0.2171875 0.153125
1 0.23671875 0.940625 0.2234375 0.11875
1 0.13671875 0.83828125 0.2015625 0.2015625
1 0.11875 0.26953125 0.2375 0.2578125
1 0.16640625 0.1546875 0.284375 0.2234375
1 0.2953125 0.0921875 0.2921875 0.1703125
1 0.44140625 0.0703125 0.2921875 0.140625
1 0.57265625 0.0546875 0.2421875 0.109375
1 0.67421875 0.046875 0.2421875 0.09375
1 0.78203125 0.06328125 0.2515625 0.1265625
1 0.871875 0.05 0.1375 0.1
1 0.02734375 0.4828125 0.0546875 0.1625
1 0.0609375 0.58984375 0.121875 0.1640625