2 0.5640625 0.31171875 0.2796875 0.23125
2 0.12109375 0.57734375 0.2421875 0.2421875
1 0.0984375 0.3296875 0.196875 0.16875
1 0.1421875 0.1609375 0.2078125 0.16875
1 0.221875 0.21640625 0.2078125 0.16875
1 0.5828125 0.6046875 0.2078125 0.16875
1 0.42265625 0.71875 0.215625 0.190625
1 0.0921875 0.9125 0.175 0.175
1 0.2515625 0.940625 0.18125 0.11875
1 0.384375 0.9125 0.1890625 0.175
1 0.51953125 0.89375 0.1890625 0.175
1 0.76171875 0.91640625 0.2625 0.1625
1 0.9296875 0.8171875 0.140625 0.225
0 0.153125 0.43125 0.096875 0.0921875
0 0.43515625 0.203125 0.0890625 0.0609375
0 0.7359375 0.5671875 0.0890625 0.0609375
0 0.7796875 0.67109375 0.0890625 0.0609375
1 0.459375 0.5578125 0.2078125 0.16875
1 0.346875 0.48046875 0.2078125 0.16875
1 0.89375 0.1234375 0.203125 0.1828125
1 0.7609375 0.06953125 0.203125 0.1390625
1 0.76875 0.15625 0.203125 0.146875
1 0.3484375 0.07578125 0.265625 0.1515625
1 0.52265625 0.71015625 0.1625 0.1390625