1 0.06484375 0.4546875 0.1296875 0.259375
1 0.49296875 0.75546875 0.2359375 0.2578125
1 0.81640625 0.6421875 0.24375 0.25625
1 0.7703125 0.87890625 0.25 0.2421875
1 0.7078125 0.3578125 0.25 0.284375
1 0.26484375 0.16953125 0.2125 0.2484375
1 0.1796875 0.8828125 0.1859375 0.1390625
1 0.57890625 0.93046875 0.1984375 0.1390625
1 0.49140625 0.128125 0.2125 0.246875
1 0.51640625 0.6953125 0.2359375 0.2578125
1 0.07890625 0.48515625 0.1578125 0.2671875
2 0.328125 0.53125 0.546875 0.5828125
0 0.08125 0.78984375 0.1 0.11875