1 0.42578125 0.55546875 0.225 0.209375
1 0.6203125 0.64765625 0.265625 0.221875
1 0.625 0.65 0.265625 0.221875
1 0.5421875 0.79921875 0.246875 0.2078125
1 0.95078125 0.8421875 0.0984375 0.175
1 0.8125 0.109375 0.2234375 0.1984375
1 0.5671875 0.10859375 0.2390625 0.196875
1 0.3390625 0.9203125 0.2125 0.159375
1 0.7609375 0.8265625 0.2125 0.1625
1 0.58125 0.87578125 0.2125 0.1625
1 0.3390625 0.42734375 0.240625 0.140625
1 0.7796875 0.2890625 0.2078125 0.1765625
1 0.5953125 0.234375 0.2078125 0.1890625
1 0.06875 0.43515625 0.1375 0.1828125
1 0.41875 0.7140625 0.23125 0.1765625
2 0.2765625 0.23828125 0.48125 0.3734375
0 0.16484375 0.5296875 0.090625 0.078125