1 0.4578125 0.81171875 0.234375 0.20625
1 0.36875 0.715625 0.234375 0.20625
1 0.825 0.68046875 0.234375 0.2078125
1 0.71171875 0.9078125 0.2671875 0.184375
1 0.73671875 0.8390625 0.2453125 0.1890625
1 0.55703125 0.33828125 0.234375 0.20625
1 0.11796875 0.4828125 0.234375 0.20625
1 0.20703125 0.8984375 0.2328125 0.1796875
1 0.86171875 0.4515625 0.234375 0.20625
1 0.85625 0.1109375 0.2328125 0.1875
1 0.25546875 0.07890625 0.2328125 0.1578125
1 0.3125 0.22890625 0.234375 0.20625
1 0.115625 0.0859375 0.184375 0.153125
1 0.6234375 0.15703125 0.2875 0.2625
1 0.05703125 0.66796875 0.1140625 0.1703125
2 0.10859375 0.253125 0.1984375 0.209375
0 0.80625 0.60390625 0.0734375 0.0640625