1 0.46484375 0.07890625 0.2453125 0.1578125
1 0.68203125 0.5765625 0.225 0.1984375
1 0.51796875 0.86875 0.221875 0.2046875
1 0.77421875 0.86953125 0.25 0.2078125
1 0.2625 0.71640625 0.25 0.2078125
1 0.15625 0.2578125 0.21875 0.175
1 0.896875 0.29453125 0.190625 0.1734375
1 0.88984375 0.69140625 0.21875 0.175
1 0.09375 0.46796875 0.1875 0.1734375
1 0.61953125 0.58984375 0.225 0.1984375
1 0.4953125 0.10859375 0.24375 0.165625
2 0.49375 0.3796875 0.509375 0.4640625
0 0.78515625 0.1875 0.10625 0.0828125