2 0.73125 0.728125 0.3765625 0.4421875
1 0.47109375 0.65078125 0.2328125 0.303125
1 0.296875 0.75390625 0.2328125 0.303125
1 0.37109375 0.3671875 0.2328125 0.303125
1 0.56796875 0.2828125 0.2203125 0.284375
1 0.33125 0.12734375 0.25 0.2421875
1 0.090625 0.64453125 0.18125 0.2859375
1 0.7265625 0.03125 0.20625 0.0625
1 0.915625 0.8640625 0.16875 0.1625
1 0.89609375 0.51484375 0.1859375 0.240625
1 0.16640625 0.9609375 0.1890625 0.078125
1 0.015625 0.4296875 0.03125 0.1875
1 0.0390625 0.20078125 0.078125 0.2421875
1 0.88359375 0.3375 0.2015625 0.284375
0 0.7171875 0.27578125 0.084375 0.11875
1 0.39140625 0.89765625 0.2484375 0.2046875
1 0.55234375 0.375 0.19375 0.2125
1 0.61640625 0.42421875 0.19375 0.2125