1 0.3796875 0.27265625 0.240625 0.3
1 0.8125 0.325 0.153125 0.2046875
1 0.6515625 0.24375 0.1921875 0.215625
1 0.68984375 0.5703125 0.175 0.1921875
1 0.50078125 0.51171875 0.2 0.2109375
1 0.33515625 0.7484375 0.16875 0.2203125
1 0.14765625 0.80234375 0.1984375 0.2640625
1 0.54140625 0.85859375 0.215625 0.2453125
1 0.8171875 0.76328125 0.20625 0.2578125
1 0.13828125 0.29375 0.1828125 0.2203125
1 0.09609375 0.52890625 0.1921875 0.2734375
1 0.525 0.09140625 0.196875 0.1828125
2 0.790625 0.1390625 0.39375 0.278125