1 0.909375 0.6625 0.18125 0.290625
1 0.640625 0.07890625 0.209375 0.1578125
1 0.4234375 0.80703125 0.23125 0.2984375
1 0.33984375 0.91640625 0.2390625 0.1671875
1 0.18515625 0.94765625 0.1859375 0.1046875
1 0.66640625 0.875 0.2296875 0.23125
1 0.11875 0.43828125 0.21875 0.2515625
1 0.10546875 0.16796875 0.1921875 0.1984375
0 0.78125 0.11953125 0.1015625 0.1078125
0 0.2890625 0.35390625 0.0734375 0.0921875
2 0.5671875 0.590625 0.471875 0.546875
1 0.42265625 0.10625 0.2203125 0.2125
1 0.78046875 0.03671875 0.1984375 0.0734375