1 0.8734375 0.56015625 0.18125 0.2109375
1 0.9078125 0.8453125 0.159375 0.2140625
1 0.88671875 0.16015625 0.184375 0.21875
1 0.75 0.23125 0.184375 0.21875
1 0.66640625 0.375 0.1890625 0.2640625
1 0.53828125 0.171875 0.159375 0.2078125
1 0.36796875 0.290625 0.1703125 0.196875
1 0.37734375 0.7734375 0.2015625 0.240625
1 0.625 0.90078125 0.2125 0.1984375
1 0.64921875 0.684375 0.178125 0.203125
1 0.609375 0.609375 0.1484375 0.171875
1 0.25703125 0.92421875 0.2453125 0.1484375
1 0.084375 0.45 0.16875 0.175
1 0.1828125 0.66171875 0.1375 0.18125
1 0.10703125 0.69453125 0.1578125 0.234375
2 0.1296875 0.1953125 0.25625 0.390625
0 0.290625 0.44140625 0.1140625 0.1578125
0 0.86171875 0.734375 0.0734375 0.096875
0 0.78125 0.928125 0.084375 0.0859375