1 0.2484375 0.42578125 0.259375 0.2515625
1 0.1203125 0.603125 0.2375 0.178125
1 0.190625 0.88671875 0.25 0.2
1 0.26875 0.71015625 0.25 0.2
1 0.484375 0.70625 0.25 0.2
1 0.81484375 0.52265625 0.25625 0.2203125
1 0.63359375 0.35625 0.2890625 0.225
1 0.6359375 0.66171875 0.2609375 0.215625
1 0.86875 0.31328125 0.240625 0.225
1 0.8515625 0.11953125 0.171875 0.23125
1 0.8453125 0.87578125 0.1984375 0.1828125
1 0.72109375 0.90390625 0.2296875 0.1671875
1 0.95625 0.8046875 0.0875 0.16875
1 0.94140625 0.6015625 0.1171875 0.16875
2 0.3984375 0.165625 0.475 0.33125
0 0.25 0.31015625 0.1046875 0.084375