1 0.84609375 0.06796875 0.2703125 0.1359375
1 0.6859375 0.0203125 0.2171875 0.040625
1 0.4859375 0.07109375 0.259375 0.140625
1 0.52734375 0.69453125 0.2375 0.1703125
1 0.86953125 0.38046875 0.2421875 0.14375
1 0.871875 0.30859375 0.2375 0.1703125
1 0.13671875 0.77578125 0.2734375 0.1984375
1 0.059375 0.1125 0.11875 0.19375
1 0.8890625 0.78671875 0.221875 0.1703125
1 0.82109375 0.68125 0.184375 0.1578125
1 0.628125 0.32265625 0.228125 0.1671875
2 0.3125 0.51953125 0.465625 0.3359375
0 0.2703125 0.075 0.09375 0.0546875