1 0.40390625 0.5515625 0.203125 0.1890625
1 0.571875 0.68046875 0.24375 0.196875
1 0.5765625 0.68359375 0.24375 0.196875
1 0.465625 0.81015625 0.228125 0.1828125
1 0.89453125 0.93125 0.1734375 0.1375
1 0.8671875 0.2015625 0.2046875 0.175
1 0.63125 0.15078125 0.2203125 0.1734375
1 0.246875 0.8875 0.196875 0.14375
1 0.67109375 0.88046875 0.196875 0.14375
1 0.48828125 0.8921875 0.196875 0.14375
1 0.346875 0.4109375 0.2265625 0.115625
1 0.7984375 0.36796875 0.1921875 0.15625
1 0.6328125 0.27734375 0.1890625 0.16875
1 0.075 0.3609375 0.14375 0.165625
1 0.3640625 0.70234375 0.215625 0.1546875
2 0.325 0.21640625 0.446875 0.3265625
0 0.1578125 0.4734375 0.084375 0.0703125