1 0.67421875 0.42109375 0.19375 0.153125
1 0.196875 0.58828125 0.25 0.1875
1 0.75234375 0.70859375 0.2671875 0.2046875
1 0.88828125 0.80703125 0.1546875 0.13125
1 0.85859375 0.5046875 0.234375 0.171875
1 0.703125 0.24296875 0.203125 0.146875
1 0.234375 0.084375 0.23125 0.16875
1 0.45078125 0.0640625 0.2140625 0.128125
1 0.41875 0.2046875 0.20625 0.153125
1 0.6796875 0.0828125 0.20625 0.1625
1 0.0546875 0.18984375 0.1015625 0.1625
1 0.2234375 0.2234375 0.2125 0.1671875
1 0.53359375 0.9328125 0.2484375 0.134375
1 0.5625 0.478125 0.2265625 0.1671875
2 0.37421875 0.81484375 0.465625 0.3703125
0 0.703125 0.603125 0.08125 0.0671875