1 0.86875 0.62421875 0.209375 0.2015625
1 0.8421875 0.45390625 0.2671875 0.19375
1 0.36796875 0.54140625 0.23125 0.165625
1 0.5125 0.86015625 0.29375 0.20625
1 0.04453125 0.446875 0.0890625 0.153125
1 0.053125 0.32890625 0.0921875 0.153125
1 0.1515625 0.91171875 0.2625 0.140625
1 0.221875 0.7328125 0.2578125 0.221875
1 0.91796875 0.19453125 0.1640625 0.2015625
1 0.89921875 0.10859375 0.2015625 0.1671875
2 0.57890625 0.30625 0.3 0.23125
0 0.6796875 0.98671875 0.096875 0.0265625
0 0.5671875 0.99609375 0.09375 0.0078125
0 0.0609375 0.83984375 0.0984375 0.0640625