1 0.296875 0.29609375 0.221875 0.2375
1 0.16875 0.52734375 0.2375 0.296875
1 0.31171875 0.69609375 0.2171875 0.2703125
1 0.43984375 0.60390625 0.20625 0.2359375
1 0.296875 0.903125 0.196875 0.1703125
1 0.3703125 0.08984375 0.215625 0.1796875
1 0.60859375 0.071875 0.2046875 0.14375
1 0.1109375 0.8640625 0.2140625 0.2046875
1 0.08515625 0.12109375 0.1140625 0.2421875
1 0.61484375 0.81015625 0.1921875 0.2671875
1 0.82265625 0.8125 0.1921875 0.2671875
1 0.90625 0.69921875 0.175 0.265625
2 0.7921875 0.37109375 0.415625 0.4703125