1 0.36796875 0.771875 0.228125 0.2671875
1 0.09453125 0.78359375 0.1578125 0.240625
1 0.75078125 0.16796875 0.196875 0.2453125
1 0.6765625 0.22421875 0.196875 0.2453125
1 0.60078125 0.34765625 0.2171875 0.303125
1 0.36875 0.4234375 0.234375 0.2703125
1 0.1625 0.12578125 0.19375 0.2015625
1 0.334375 0.2171875 0.209375 0.24375
1 0.52578125 0.08203125 0.1953125 0.1640625
1 0.5296875 0.6546875 0.1765625 0.21875
1 0.55859375 0.790625 0.1875 0.2171875
1 0.56953125 0.8953125 0.1859375 0.209375
1 0.76640625 0.88984375 0.1828125 0.184375
1 0.2 0.7859375 0.2 0.2671875
2 0.88359375 0.7296875 0.2328125 0.43125
0 0.76171875 0.63359375 0.0703125 0.0875
0 0.3515625 0.05546875 0.0625 0.0890625