2 0.78046875 0.61953125 0.390625 0.4671875
1 0.58125 0.259375 0.2375 0.2703125
1 0.66171875 0.296875 0.2375 0.2703125
1 0.30234375 0.475 0.2078125 0.2625
1 0.11953125 0.365625 0.2375 0.2703125
1 0.14921875 0.85625 0.209375 0.284375
1 0.64296875 0.859375 0.209375 0.2640625
1 0.96328125 0.5265625 0.0734375 0.221875
1 0.9125 0.2578125 0.1390625 0.25
1 0.825 0.16015625 0.2171875 0.265625
1 0.37578125 0.1359375 0.2640625 0.271875
1 0.2578125 0.2328125 0.2140625 0.275
1 0.1125 0.68984375 0.209375 0.2734375
1 0.35 0.45625 0.15625 0.25
1 0.1890625 0.11484375 0.184375 0.14375
1 0.09140625 0.1375 0.1828125 0.14375
0 0.69375 0.1203125 0.0765625 0.0890625
1 0.24609375 0.70390625 0.2078125 0.2625
1 0.70390625 0.040625 0.1984375 0.08125
1 0.89765625 0.81484375 0.2046875 0.2390625