1 0.7171875 0.3890625 0.1921875 0.2515625
1 0.46328125 0.37890625 0.1921875 0.2515625
1 0.39921875 0.146875 0.1921875 0.2515625
1 0.59453125 0.21328125 0.1796875 0.23125
1 0.728125 0.09765625 0.178125 0.1953125
1 0.7171875 0.61328125 0.1796875 0.23125
1 0.61875 0.81640625 0.203125 0.2328125
1 0.53984375 0.59609375 0.203125 0.2328125
1 0.10625 0.70390625 0.2015625 0.2734375
1 0.07734375 0.15546875 0.1546875 0.2515625
1 0.21015625 0.296875 0.2515625 0.265625
1 0.8890625 0.69921875 0.20625 0.275
1 0.90078125 0.4640625 0.1984375 0.275
2 0.34921875 0.87109375 0.3984375 0.2578125