1 0.47421875 0.85234375 0.2234375 0.2515625
1 0.3 0.55625 0.1984375 0.23125
1 0.178125 0.3515625 0.2328125 0.2859375
1 0.3875 0.3078125 0.2328125 0.2859375
1 0.84296875 0.64453125 0.2078125 0.184375
1 0.56328125 0.15390625 0.178125 0.20625
1 0.521875 0.28828125 0.178125 0.20625
1 0.93984375 0.17890625 0.1203125 0.2046875
1 0.16796875 0.1265625 0.178125 0.20625
2 0.92265625 0.49296875 0.1546875 0.2921875
0 0.89375 0.83203125 0.078125 0.0921875
0 0.371875 0.69375 0.06875 0.0875
0 0.425 0.7265625 0.06875 0.0875
0 0.3171875 0.746875 0.0796875 0.0921875