1 0.16015625 0.15078125 0.2296875 0.19375
1 0.378125 0.0734375 0.3 0.146875
1 0.64453125 0.559375 0.278125 0.24375
1 0.40859375 0.7296875 0.259375 0.20625
1 0.2375 0.4 0.2796875 0.20625
1 0.58125 0.90078125 0.265625 0.1984375
1 0.9125 0.503125 0.175 0.2
1 0.6734375 0.1828125 0.2484375 0.2515625
1 0.49375 0.17265625 0.3140625 0.253125
1 0.25078125 0.58984375 0.253125 0.240625
1 0.89296875 0.2890625 0.184375 0.225
0 0.05078125 0.43984375 0.1015625 0.0796875
0 0.825 0.396875 0.096875 0.0765625
2 0.84921875 0.69609375 0.3015625 0.3109375