1 0.2984375 0.9578125 0.24375 0.084375
1 0.590625 0.6296875 0.1984375 0.2734375
1 0.4828125 0.4 0.196875 0.240625
1 0.78203125 0.87265625 0.184375 0.1828125
1 0.64921875 0.1140625 0.2046875 0.228125
1 0.94453125 0.5 0.1109375 0.228125
1 0.946875 0.80234375 0.10625 0.2296875
1 0.765625 0.05625 0.184375 0.1125
1 0.0796875 0.35234375 0.159375 0.2828125
1 0.24375 0.78203125 0.2078125 0.2625
1 0.40078125 0.8 0.19375 0.221875
1 0.2171875 0.5609375 0.2375 0.2703125
1 0.31171875 0.3875 0.1859375 0.2375
1 0.3296875 0.2609375 0.1953125 0.234375
1 0.196875 0.21875 0.2265625 0.2609375
2 0.725 0.4296875 0.3640625 0.4046875
0 0.32265625 0.12109375 0.084375 0.1046875