1 0.77421875 0.89609375 0.2828125 0.2078125
1 0.44140625 0.53671875 0.225 0.2359375
1 0.63046875 0.69140625 0.278125 0.228125
1 0.26484375 0.65625 0.2890625 0.2546875
1 0.0671875 0.6234375 0.134375 0.23125
1 0.92890625 0.2421875 0.1421875 0.25
1 0.790625 0.1390625 0.2515625 0.2078125
1 0.26328125 0.07734375 0.2734375 0.1546875
1 0.1328125 0.14140625 0.1546875 0.2109375
1 0.0875 0.325 0.1546875 0.2109375
1 0.146875 0.84921875 0.2734375 0.20625
1 0.728125 0.6796875 0.28125 0.2375
1 0.8671875 0.4484375 0.234375 0.2203125
1 0.23046875 0.328125 0.325 0.278125
1 0.26015625 0.928125 0.2296875 0.10625
1 0.471875 0.0734375 0.24375 0.146875
0 0.89609375 0.60390625 0.13125 0.11875
0 0.41953125 0.9328125 0.1703125 0.134375
2 0.58046875 0.265625 0.534375 0.465625