1 0.5375 0.32734375 0.209375 0.25625
1 0.159375 0.31953125 0.209375 0.25625
1 0.765625 0.17109375 0.196875 0.30625
1 0.9390625 0.2359375 0.1109375 0.3015625
1 0.8890625 0.5140625 0.196875 0.30625
1 0.890625 0.8390625 0.19375 0.290625
1 0.81328125 0.86171875 0.19375 0.2546875
1 0.43125 0.4703125 0.184375 0.25625
1 0.71796875 0.47109375 0.184375 0.25625
1 0.06796875 0.23359375 0.1359375 0.2546875
1 0.6171875 0.06953125 0.215625 0.1390625
1 0.34296875 0.05859375 0.2265625 0.1125
1 0.346875 0.45078125 0.1625 0.2515625
1 0.29140625 0.5140625 0.1625 0.2515625
1 0.23125 0.5640625 0.1625 0.2515625
1 0.10546875 0.6171875 0.1625 0.2515625
0 0.2828125 0.14140625 0.06875 0.084375
0 0.04609375 0.9328125 0.053125 0.084375
0 0.23125 0.70078125 0.06875 0.084375
2 0.57109375 0.796875 0.3859375 0.40625
1 0.325 0.78359375 0.1625 0.296875
1 0.15859375 0.09921875 0.2015625 0.1734375