1 0.1125 0.6265625 0.2015625 0.2578125
1 0.2953125 0.61953125 0.2015625 0.25625
1 0.14453125 0.38515625 0.2015625 0.2578125
1 0.053125 0.3921875 0.10625 0.24375
1 0.5046875 0.46484375 0.19375 0.2453125
1 0.346875 0.38125 0.2453125 0.2375
1 0.2671875 0.21484375 0.2265625 0.1953125
1 0.08984375 0.12578125 0.1796875 0.1671875
1 0.83515625 0.153125 0.2578125 0.278125
1 0.6125 0.059375 0.234375 0.11875
1 0.4484375 0.23984375 0.20625 0.25625
1 0.78359375 0.4671875 0.215625 0.29375
1 0.87578125 0.403125 0.2109375 0.259375
1 0.23125 0.91640625 0.19375 0.1671875
1 0.7359375 0.71640625 0.2015625 0.25625
2 0.50390625 0.79375 0.4453125 0.4125