2 0.68046875 0.5046875 0.4125 0.515625
1 0.36015625 0.45625 0.178125 0.1953125
1 0.29765625 0.36640625 0.178125 0.1953125
1 0.259375 0.23359375 0.178125 0.1953125
1 0.23359375 0.31796875 0.1890625 0.2375
1 0.17578125 0.32578125 0.15 0.1875
1 0.15 0.5 0.2171875 0.2421875
1 0.83359375 0.82109375 0.21875 0.2734375
1 0.67265625 0.140625 0.196875 0.2484375
1 0.46328125 0.175 0.1984375 0.2515625
1 0.46953125 0.23515625 0.2359375 0.2640625
1 0.58046875 0.259375 0.19375 0.2265625
1 0.24140625 0.6515625 0.1984375 0.2484375
1 0.53515625 0.82578125 0.1984375 0.2484375
1 0.66875 0.90234375 0.25 0.1953125
1 0.83984375 0.1875 0.2234375 0.2640625
0 0.8671875 0.4390625 0.0796875 0.103125
1 0.40703125 0.9234375 0.1734375 0.153125
1 0.9390625 0.36484375 0.121875 0.2484375