1 0.4203125 0.42265625 0.178125 0.24375
1 0.67890625 0.32421875 0.178125 0.24375
1 0.59296875 0.32578125 0.178125 0.24375
1 0.54609375 0.13125 0.190625 0.2375
1 0.821875 0.17421875 0.190625 0.2375
1 0.92734375 0.1515625 0.1203125 0.23125
1 0.36328125 0.0875 0.1734375 0.1703125
1 0.3 0.10625 0.175 0.1953125
1 0.26171875 0.16796875 0.175 0.1953125
1 0.19453125 0.21953125 0.175 0.196875
1 0.15625 0.26796875 0.175 0.196875
1 0.1234375 0.30390625 0.175 0.196875
1 0.23515625 0.534375 0.175 0.1953125
1 0.178125 0.51953125 0.175 0.196875
1 0.1140625 0.49296875 0.175 0.196875
1 0.325 0.759375 0.1828125 0.2453125
1 0.95 0.6828125 0.1 0.24375
1 0.85859375 0.7796875 0.184375 0.2484375
1 0.690625 0.7375 0.15625 0.19375
1 0.42734375 0.9296875 0.1546875 0.140625
1 0.06640625 0.68671875 0.1234375 0.1921875
2 0.13203125 0.8796875 0.2359375 0.240625
1 0.590625 0.5328125 0.178125 0.24375
1 0.725 0.85234375 0.178125 0.24375
0 0.76796875 0.97734375 0.0546875 0.021875