2 0.6421875 0.23359375 0.28125 0.334375
1 0.684375 0.54375 0.203125 0.290625
1 0.89921875 0.8453125 0.1625 0.2859375
1 0.78671875 0.68359375 0.2015625 0.2640625
1 0.88125 0.5484375 0.2 0.2640625
1 0.828125 0.396875 0.2015625 0.2640625
1 0.90859375 0.34921875 0.1828125 0.2640625
1 0.9484375 0.18125 0.103125 0.23125
1 0.51875 0.06328125 0.18125 0.1265625
1 0.35703125 0.17265625 0.196875 0.2375
1 0.25625 0.16953125 0.1515625 0.2484375
1 0.18359375 0.215625 0.2203125 0.303125
1 0.07109375 0.3 0.1296875 0.2515625
1 0.1046875 0.053125 0.13125 0.10625
1 0.1046875 0.65078125 0.1890625 0.2109375
1 0.2734375 0.66015625 0.2890625 0.3
1 0.40859375 0.89609375 0.1890625 0.2078125
1 0.54453125 0.5890625 0.1890625 0.2109375
1 0.4453125 0.37890625 0.1890625 0.2109375
0 0.79765625 0.23984375 0.06875 0.10625
0 0.8640625 0.2140625 0.06875 0.10625
0 0.7734375 0.07265625 0.06875 0.0984375
1 0.76015625 0.9265625 0.2109375 0.146875