1 0.6328125 0.28984375 0.24375 0.190625
1 0.253125 0.65546875 0.24375 0.190625
1 0.73203125 0.71484375 0.24375 0.190625
1 0.5015625 0.5625 0.25 0.1234375
1 0.390625 0.31953125 0.25 0.2046875
1 0.8828125 0.49921875 0.234375 0.1765625
1 0.84296875 0.30859375 0.2140625 0.2109375
1 0.5765625 0.86953125 0.24375 0.190625
1 0.903125 0.821875 0.19375 0.165625
1 0.08046875 0.61328125 0.159375 0.1890625
1 0.49609375 0.48984375 0.2390625 0.190625
1 0.82890625 0.18046875 0.2125 0.2015625
2 0.16796875 0.38359375 0.3359375 0.3546875