1 0.08203125 0.50859375 0.1640625 0.1609375
1 0.16796875 0.196875 0.23125 0.1921875
1 0.24921875 0.04921875 0.2265625 0.0984375
1 0.3734375 0.1515625 0.23125 0.1921875
1 0.93828125 0.15859375 0.1234375 0.1890625
1 0.8953125 0.38046875 0.209375 0.2203125
1 0.8765625 0.56875 0.246875 0.190625
1 0.86796875 0.9390625 0.1515625 0.121875
1 0.60859375 0.91640625 0.2515625 0.1671875
1 0.0796875 0.8546875 0.159375 0.1875
1 0.26875 0.6046875 0.271875 0.2375
1 0.4734375 0.54765625 0.271875 0.2375
1 0.62578125 0.12265625 0.225 0.2078125
1 0.384375 0.36171875 0.26875 0.234375
2 0.68671875 0.7078125 0.4734375 0.409375