1 0.1359375 0.7421875 0.2515625 0.1984375
1 0.67265625 0.28984375 0.259375 0.2
1 0.684375 0.45703125 0.259375 0.2
1 0.83359375 0.6109375 0.2609375 0.2296875
1 0.746875 0.79140625 0.2484375 0.165625
1 0.23515625 0.1625 0.21875 0.1921875
1 0.071875 0.5625 0.14375 0.15625
1 0.384375 0.725 0.259375 0.2
1 0.42109375 0.06171875 0.2484375 0.1234375
0 0.8984375 0.08828125 0.1359375 0.1171875
0 0.8875 0.31640625 0.0921875 0.06875
0 0.39375 0.16328125 0.11875 0.0796875
0 0.33203125 0.98515625 0.1046875 0.0296875
2 0.25625 0.39296875 0.4515625 0.346875