0 0.69296875 0.38671875 0.1140625 0.11875
2 0.73046875 0.8 0.23125 0.215625
1 0.40078125 0.3234375 0.21875 0.2609375
1 0.6421875 0.11796875 0.21875 0.2359375
1 0.815625 0.1125 0.21875 0.225
1 0.81171875 0.46171875 0.21875 0.2609375
1 0.90703125 0.79453125 0.1859375 0.2609375
1 0.5625 0.5890625 0.21875 0.2609375
0 0.66953125 0.7109375 0.06875 0.0765625
1 0.196875 0.759375 0.21875 0.2609375
1 0.11328125 0.77265625 0.1671875 0.2390625
1 0.20546875 0.5140625 0.21875 0.2609375
1 0.34140625 0.65546875 0.21875 0.2609375
1 0.4015625 0.8875 0.21875 0.225
1 0.396875 0.8859375 0.21875 0.228125
1 0.190625 0.2453125 0.21875 0.2609375
1 0.74609375 0.15625 0.21875 0.2609375
1 0.95078125 0.52578125 0.0984375 0.2296875
1 0.278125 0.9203125 0.2125 0.159375
1 0.084375 0.46328125 0.16875 0.2578125
1 0.08515625 0.18046875 0.1703125 0.2171875
1 0.259375 0.1359375 0.2109375 0.2171875
0 0.11328125 0.371875 0.0703125 0.08125