2 0.7921875 0.43046875 0.415625 0.6984375
1 0.21875 0.14140625 0.2578125 0.2546875
1 0.3296875 0.4734375 0.1890625 0.21875
1 0.45 0.43984375 0.1890625 0.21875
1 0.61328125 0.2125 0.209375 0.365625
1 0.46796875 0.1890625 0.1875 0.2390625
1 0.53515625 0.0828125 0.1796875 0.165625
1 0.159375 0.64609375 0.2375 0.2734375
1 0.1421875 0.86640625 0.2296875 0.209375
1 0.5578125 0.69296875 0.2234375 0.2328125
1 0.396875 0.684375 0.2671875 0.315625
1 0.88046875 0.7703125 0.2109375 0.2984375
1 0.87265625 0.9296875 0.1671875 0.140625
1 0.41171875 0.93359375 0.1984375 0.1328125
1 0.62265625 0.87421875 0.2609375 0.2515625
0 0.29609375 0.02890625 0.0796875 0.0578125
1 0.1375 0.53515625 0.1890625 0.21875
1 0.7859375 0.0984375 0.18125 0.1515625