1 0.90234375 0.63359375 0.1953125 0.2328125
1 0.61640625 0.57421875 0.303125 0.2359375
1 0.3265625 0.53515625 0.2640625 0.225
1 0.21953125 0.34609375 0.2546875 0.234375
1 0.0859375 0.228125 0.171875 0.25625
1 0.753125 0.0421875 0.2625 0.084375
1 0.76015625 0.8140625 0.3390625 0.290625
1 0.6171875 0.9078125 0.296875 0.184375
1 0.8015625 0.19453125 0.29375 0.2515625
1 0.14453125 0.53828125 0.2890625 0.2515625
1 0.89609375 0.86015625 0.2078125 0.1515625
2 0.5 0.1921875 0.48125 0.384375
0 0.9515625 0.77109375 0.096875 0.1015625