1 0.2078125 0.646875 0.178125 0.2140625
1 0.37890625 0.74375 0.1546875 0.215625
1 0.51328125 0.74375 0.1734375 0.2421875
1 0.81171875 0.715625 0.1890625 0.23125
1 0.928125 0.68515625 0.14375 0.2640625
1 0.16484375 0.91796875 0.1765625 0.1640625
1 0.2421875 0.371875 0.196875 0.275
1 0.07890625 0.34453125 0.1578125 0.2078125
1 0.63046875 0.521875 0.1828125 0.234375
1 0.78359375 0.4109375 0.178125 0.2
1 0.91953125 0.13125 0.13125 0.1984375
1 0.12578125 0.13046875 0.1953125 0.2328125
0 0.6765625 0.94921875 0.078125 0.0875
2 0.49609375 0.1765625 0.3640625 0.353125
0 0.08515625 0.046875 0.0703125 0.0546875