1 0.684375 0.234375 0.175 0.2984375
1 0.88203125 0.53515625 0.1796875 0.246875
1 0.8171875 0.09765625 0.1890625 0.1796875
1 0.23984375 0.48125 0.1921875 0.225
1 0.3203125 0.87734375 0.19375 0.2390625
1 0.56875 0.89921875 0.18125 0.2015625
1 0.2234375 0.6890625 0.1921875 0.225
1 0.1609375 0.8890625 0.1953125 0.2046875
1 0.440625 0.31953125 0.1953125 0.175
1 0.3765625 0.115625 0.11875 0.23125
1 0.8703125 0.2703125 0.1640625 0.2109375
1 0.74765625 0.88828125 0.1703125 0.2234375
1 0.0328125 0.62578125 0.065625 0.2421875
2 0.434375 0.62421875 0.3875 0.49375