2 0.61484375 0.74609375 0.2609375 0.303125
1 0.6015625 0.32109375 0.2265625 0.2625
1 0.41171875 0.7421875 0.2265625 0.2625
1 0.4078125 0.33984375 0.1890625 0.2328125
1 0.271875 0.2109375 0.1890625 0.2328125
1 0.33671875 0.18828125 0.1890625 0.2328125
1 0.475 0.11171875 0.246875 0.2234375
1 0.63515625 0.46640625 0.1984375 0.221875
1 0.846875 0.25859375 0.2609375 0.2875
1 0.75703125 0.93203125 0.2171875 0.1359375
1 0.57109375 0.90703125 0.1984375 0.1859375
1 0.18828125 0.84921875 0.2171875 0.215625
1 0.09375 0.52578125 0.1875 0.2296875
1 0.10546875 0.3953125 0.2109375 0.228125
1 0.109375 0.275 0.18125 0.2359375
1 0.16015625 0.61484375 0.196875 0.240625
1 0.2265625 0.71015625 0.196875 0.240625
1 0.24453125 0.56015625 0.196875 0.240625
1 0.25703125 0.50625 0.2140625 0.25
1 0.29765625 0.5109375 0.2140625 0.25
1 0.37421875 0.4796875 0.2140625 0.25
1 0.86484375 0.4640625 0.2453125 0.2640625
1 0.28984375 0.04375 0.2296875 0.0875
1 0.96875 0.2171875 0.0625 0.2375
0 0.7703125 0.80390625 0.0828125 0.1109375