1 0.75 0.90859375 0.196875 0.1828125
1 0.70546875 0.69921875 0.19375 0.21875
1 0.84609375 0.10703125 0.240625 0.1609375
1 0.5390625 0.20625 0.196875 0.2765625
1 0.5234375 0.6328125 0.2015625 0.221875
1 0.915625 0.5078125 0.16875 0.275
1 0.86953125 0.3875 0.2203125 0.23125
1 0.26875 0.5140625 0.1546875 0.184375
1 0.09375 0.4203125 0.1875 0.19375
1 0.1921875 0.13515625 0.21875 0.2640625
2 0.28125 0.75703125 0.2140625 0.246875
1 0.91875 0.7140625 0.1390625 0.203125
1 0.56796875 0.08203125 0.1703125 0.1640625
1 0.3875 0.17578125 0.1671875 0.2109375