1 0.0625 0.503125 0.125 0.20625
1 0.234375 0.7515625 0.1890625 0.2484375
1 0.0796875 0.69140625 0.153125 0.3203125
1 0.603125 0.6484375 0.2078125 0.240625
1 0.43828125 0.7796875 0.190625 0.19375
1 0.40859375 0.49609375 0.1609375 0.3140625
1 0.54375 0.43515625 0.1890625 0.2484375
1 0.88828125 0.659375 0.20625 0.2484375
1 0.9015625 0.31171875 0.196875 0.2484375
1 0.41875 0.9296875 0.20625 0.140625
1 0.24609375 0.50234375 0.215625 0.2015625
1 0.11953125 0.20703125 0.2171875 0.2453125
1 0.68359375 0.53203125 0.15625 0.1921875
1 0.8171875 0.05859375 0.153125 0.1
1 0.603125 0.8734375 0.171875 0.253125
0 0.7984375 0.14140625 0.0859375 0.09375
2 0.44375 0.18515625 0.384375 0.3703125