1 0.90390625 0.5125 0.1921875 0.23125
1 0.334375 0.73203125 0.209375 0.2
1 0.42421875 0.93359375 0.2078125 0.1328125
1 0.490625 0.52890625 0.2125 0.1578125
1 0.90859375 0.334375 0.1828125 0.146875
1 0.696875 0.4109375 0.1890625 0.14375
1 0.1015625 0.0984375 0.18125 0.196875
1 0.59375 0.2359375 0.190625 0.159375
1 0.621875 0.93046875 0.190625 0.1390625
1 0.81484375 0.94765625 0.1890625 0.1046875
1 0.48984375 0.63203125 0.1671875 0.134375
2 0.225 0.42421875 0.2859375 0.240625
0 0.43203125 0.42421875 0.0640625 0.05
0 0.47421875 0.83203125 0.0640625 0.05