1 0.60625 0.70625 0.171875 0.2
1 0.43046875 0.75703125 0.184375 0.203125
1 0.18046875 0.8421875 0.1875 0.234375
1 0.08125 0.47890625 0.1625 0.2328125
1 0.5859375 0.4546875 0.1859375 0.234375
1 0.58515625 0.23359375 0.1875 0.234375
1 0.43515625 0.190625 0.2078125 0.265625
1 0.33515625 0.40078125 0.1765625 0.225
1 0.23125 0.35 0.1953125 0.259375
1 0.253125 0.590625 0.190625 0.1921875
1 0.1703125 0.1125 0.2 0.209375
1 0.71328125 0.2765625 0.1546875 0.2328125
1 0.921875 0.30546875 0.1515625 0.2296875
1 0.91875 0.50859375 0.1625 0.2171875
1 0.28125 0.65390625 0.1453125 0.2484375
2 0.8203125 0.79609375 0.359375 0.3984375