1 0.42109375 0.74140625 0.24375 0.284375
1 0.33515625 0.42109375 0.2296875 0.2234375
1 0.14140625 0.75703125 0.21875 0.2390625
1 0.14609375 0.3265625 0.2234375 0.2734375
1 0.096875 0.62578125 0.19375 0.2359375
1 0.17578125 0.86484375 0.18125 0.175
1 0.78515625 0.89296875 0.1828125 0.2140625
1 0.65703125 0.34296875 0.2046875 0.240625
1 0.25078125 0.06015625 0.1984375 0.1203125
1 0.4 0.2265625 0.2359375 0.24375
1 0.94296875 0.19296875 0.1140625 0.2140625
1 0.834375 0.3421875 0.2125 0.23125
1 0.665625 0.1140625 0.2046875 0.2078125
1 0.51015625 0.065625 0.2015625 0.13125
1 0.8359375 0.14921875 0.190625 0.196875
1 0.91640625 0.57265625 0.1671875 0.2234375
2 0.65390625 0.6984375 0.378125 0.465625