2 0.62421875 0.490625 0.3515625 0.2890625
1 0.4453125 0.690625 0.234375 0.2
1 0.88515625 0.7296875 0.2296875 0.234375
1 0.4984375 0.94609375 0.246875 0.1078125
1 0.3734375 0.890625 0.253125 0.21875
1 0.20625 0.88828125 0.253125 0.2234375
1 0.1015625 0.4765625 0.203125 0.15
1 0.2671875 0.465625 0.24375 0.2421875
1 0.30546875 0.58046875 0.2890625 0.253125
1 0.915625 0.49296875 0.16875 0.2234375
1 0.7421875 0.3109375 0.2234375 0.184375
1 0.5390625 0.284375 0.2234375 0.184375
1 0.890625 0.12421875 0.1265625 0.178125
1 0.09765625 0.275 0.1953125 0.240625
0 0.8796875 0.3171875 0.0984375 0.0859375
0 0.81015625 0.54765625 0.0984375 0.0859375
1 0.68203125 0.0515625 0.2609375 0.103125
1 0.32421875 0.05390625 0.240625 0.1
1 0.20078125 0.12109375 0.2578125 0.1890625