1 0.7015625 0.4859375 0.2140625 0.2671875
1 0.45859375 0.41015625 0.2140625 0.2671875
1 0.45625 0.16640625 0.2140625 0.2671875
1 0.6296875 0.28359375 0.1984375 0.246875
1 0.79296875 0.18671875 0.1984375 0.246875
1 0.64296875 0.7046875 0.1984375 0.246875
1 0.4953125 0.87578125 0.221875 0.2484375
1 0.47578125 0.64140625 0.221875 0.2484375
1 0.06875 0.6359375 0.1375 0.284375
1 0.1390625 0.109375 0.1875 0.21875
1 0.2328125 0.2640625 0.271875 0.2859375
1 0.7890625 0.8328125 0.228125 0.290625
1 0.86484375 0.60703125 0.228125 0.290625
2 0.21953125 0.85234375 0.4109375 0.271875