1 0.38984375 0.69296875 0.25 0.271875
1 0.5515625 0.79453125 0.2 0.246875
1 0.6234375 0.57265625 0.2 0.246875
1 0.78046875 0.4078125 0.2 0.246875
1 0.30390625 0.60703125 0.175 0.209375
1 0.90390625 0.1328125 0.1921875 0.146875
1 0.59296875 0.07578125 0.2203125 0.1515625
1 0.18359375 0.03046875 0.1890625 0.0609375
1 0.83828125 0.8625 0.23125 0.2625
1 0.63046875 0.9234375 0.2609375 0.153125
1 0.97734375 0.21875 0.0453125 0.246875
1 0.96171875 0.50234375 0.0765625 0.3078125
1 0.11015625 0.5984375 0.2203125 0.31875
1 0.16015625 0.15703125 0.2484375 0.3140625
2 0.30625 0.28203125 0.28125 0.3484375
0 0.50078125 0.5234375 0.0921875 0.10625
0 0.440625 0.36015625 0.0921875 0.10625
1 0.865625 0.44921875 0.1515625 0.215625