1 0.5953125 0.75625 0.1640625 0.23125
1 0.915625 0.68203125 0.159375 0.23125
1 0.73828125 0.8796875 0.2328125 0.240625
1 0.6171875 0.52890625 0.1734375 0.25625
1 0.6390625 0.08515625 0.1703125 0.1625
1 0.77109375 0.221875 0.21875 0.253125
1 0.17890625 0.58359375 0.1765625 0.2265625
1 0.0984375 0.42265625 0.196875 0.2703125
1 0.3359375 0.45546875 0.178125 0.228125
1 0.4578125 0.103125 0.2125 0.20625
1 0.33984375 0.7765625 0.1984375 0.2421875
0 0.140625 0.7625 0.06875 0.0890625
2 0.196875 0.16953125 0.3625 0.3390625