1 0.53125 0.11484375 0.28125 0.2140625
1 0.15703125 0.234375 0.28125 0.2140625
1 0.6203125 0.26171875 0.28125 0.2140625
1 0.8390625 0.71015625 0.284375 0.234375
1 0.38515625 0.41796875 0.26875 0.2203125
1 0.1953125 0.4796875 0.2234375 0.2140625
1 0.69609375 0.86953125 0.23125 0.2015625
1 0.86328125 0.33046875 0.25 0.2296875
1 0.84140625 0.18125 0.209375 0.196875
1 0.4 0.64375 0.2453125 0.2453125
1 0.109375 0.64453125 0.209375 0.2109375
2 0.665625 0.521875 0.5109375 0.4640625
0 0.8359375 0.834375 0.0921875 0.06875