1 0.890625 0.91015625 0.21875 0.1484375
1 0.859375 0.7796875 0.2484375 0.196875
1 0.875 0.25625 0.2328125 0.1671875
1 0.73359375 0.5859375 0.2828125 0.215625
1 0.5484375 0.68125 0.28125 0.2140625
1 0.1203125 0.7484375 0.225 0.1984375
1 0.53984375 0.85703125 0.2265625 0.178125
1 0.278125 0.15703125 0.259375 0.19375
1 0.71015625 0.1640625 0.2359375 0.2171875
1 0.6921875 0.403125 0.2234375 0.1890625
1 0.909375 0.4078125 0.18125 0.1875
1 0.1328125 0.2765625 0.259375 0.190625
1 0.08359375 0.40546875 0.1671875 0.1765625
0 0.3640625 0.88671875 0.1046875 0.0609375
0 0.34921875 0.75234375 0.121875 0.1
0 0.46328125 0.2015625 0.1046875 0.0734375
0 0.37734375 0.20703125 0.08125 0.06875
2 0.32578125 0.47578125 0.4578125 0.3796875