1 0.37109375 0.6859375 0.275 0.2140625
1 0.89453125 0.6203125 0.2109375 0.228125
1 0.546875 0.76640625 0.2859375 0.2453125
1 0.76640625 0.7640625 0.2125 0.2203125
1 0.81640625 0.08671875 0.2140625 0.1734375
1 0.484375 0.08359375 0.2375 0.1671875
1 0.2671875 0.1234375 0.2375 0.1984375
1 0.17421875 0.6109375 0.278125 0.2484375
1 0.31796875 0.4203125 0.2671875 0.2203125
1 0.23515625 0.27890625 0.2671875 0.2203125
1 0.1328125 0.34609375 0.265625 0.2203125
1 0.5765625 0.9328125 0.23125 0.134375
1 0.47890625 0.2296875 0.2328125 0.1953125
2 0.58359375 0.43828125 0.540625 0.45625