1 0.21484375 0.8359375 0.2109375 0.1890625
1 0.23359375 0.58046875 0.240625 0.2109375
1 0.24453125 0.3359375 0.2109375 0.203125
1 0.18359375 0.14765625 0.290625 0.1859375
1 0.52890625 0.865625 0.309375 0.2421875
1 0.446875 0.55078125 0.240625 0.2109375
1 0.4296875 0.43671875 0.2359375 0.190625
1 0.778125 0.44140625 0.240625 0.2109375
1 0.67109375 0.553125 0.2515625 0.228125
1 0.60078125 0.67890625 0.2515625 0.228125
1 0.8265625 0.81796875 0.2515625 0.2296875
1 0.41015625 0.265625 0.225 0.196875
1 0.41484375 0.19296875 0.225 0.196875
1 0.6203125 0.2140625 0.240625 0.228125
1 0.8484375 0.296875 0.240625 0.228125
1 0.10078125 0.45078125 0.2015625 0.2703125
1 0.80390625 0.6671875 0.2109375 0.1890625
1 0.9 0.62265625 0.2 0.1890625
2 0.825 0.134375 0.246875 0.26875