1 0.30546875 0.5765625 0.2875 0.2234375
1 0.828125 0.7890625 0.2578125 0.2390625
1 0.425 0.73828125 0.296875 0.25625
1 0.625 0.8453125 0.2234375 0.23125
1 0.9515625 0.24765625 0.096875 0.1953125
1 0.71328125 0.09765625 0.234375 0.1640625
1 0.4875 0.059375 0.234375 0.11875
1 0.16484375 0.41015625 0.2890625 0.259375
1 0.3921875 0.3109375 0.278125 0.23125
1 0.3875 0.14140625 0.278125 0.23125
1 0.259375 0.1515625 0.278125 0.23125
1 0.36328125 0.91484375 0.2421875 0.1703125
1 0.63203125 0.21875 0.2421875 0.2046875
2 0.6234375 0.46015625 0.5625 0.4765625