2 0.61171875 0.8359375 0.3 0.328125
1 0.35234375 0.71171875 0.234375 0.2171875
1 0.3984375 0.95078125 0.1828125 0.0984375
1 0.94765625 0.75703125 0.103125 0.24375
1 0.25703125 0.87578125 0.16875 0.221875
1 0.1546875 0.52265625 0.15 0.196875
1 0.540625 0.5828125 0.15 0.196875
1 0.6390625 0.58046875 0.15 0.196875
1 0.71796875 0.60546875 0.15 0.196875
1 0.7515625 0.65234375 0.15 0.196875
1 0.840625 0.7015625 0.15 0.196875
1 0.93125 0.32734375 0.1375 0.196875
1 0.95703125 0.5203125 0.0859375 0.2375
1 0.50859375 0.04765625 0.1484375 0.0953125
1 0.56640625 0.41171875 0.190625 0.190625
1 0.34609375 0.18359375 0.15 0.175
1 0.05234375 0.425 0.103125 0.284375
1 0.16328125 0.18046875 0.19375 0.275
1 0.0875 0.80625 0.175 0.275
1 0.07265625 0.9265625 0.1453125 0.146875
1 0.43828125 0.52265625 0.15 0.196875
1 0.434375 0.365625 0.15 0.196875