1 0.0734375 0.109375 0.084375 0.21875
1 0.11875 0.26796875 0.203125 0.2546875
1 0.24921875 0.40546875 0.203125 0.2546875
1 0.31640625 0.10234375 0.2015625 0.2046875
1 0.41640625 0.26015625 0.1875 0.2296875
1 0.5390625 0.11484375 0.18125 0.2296875
1 0.7828125 0.39375 0.21875 0.2625
1 0.70546875 0.64375 0.215625 0.2640625
1 0.11328125 0.759375 0.203125 0.2625
1 0.6984375 0.88984375 0.203125 0.2203125
1 0.5890625 0.3515625 0.21875 0.2625
1 0.7765625 0.1203125 0.190625 0.196875
1 0.9484375 0.2359375 0.103125 0.25625
2 0.37421875 0.69453125 0.4421875 0.540625
0 0.85703125 0.66015625 0.15 0.1703125
0 0.78125 0.99296875 0.08125 0.0140625