1 0.0625 0.63828125 0.1234375 0.23125
1 0.39140625 0.115625 0.1921875 0.2296875
1 0.3140625 0.709375 0.1671875 0.2453125
1 0.18671875 0.92109375 0.1421875 0.1578125
1 0.90546875 0.103125 0.1671875 0.20625
1 0.70234375 0.240625 0.153125 0.1953125
1 0.4671875 0.56640625 0.1921875 0.2234375
1 0.50703125 0.71328125 0.1921875 0.2234375
1 0.19375 0.49140625 0.184375 0.253125
1 0.3078125 0.43984375 0.184375 0.253125
1 0.28671875 0.11171875 0.18125 0.215625
1 0.60625 0.825 0.1671875 0.159375
1 0.05625 0.32109375 0.1125 0.1953125
2 0.7953125 0.65078125 0.409375 0.5109375