1 0.64609375 0.4921875 0.184375 0.184375
1 0.48046875 0.33671875 0.184375 0.184375
1 0.46484375 0.5234375 0.1734375 0.2125
1 0.44609375 0.9078125 0.1734375 0.184375
1 0.23984375 0.884375 0.178125 0.225
1 0.56875 0.76875 0.19375 0.2265625
1 0.89375 0.84765625 0.190625 0.2203125
1 0.0890625 0.26953125 0.1734375 0.2125
1 0.42421875 0.103125 0.1734375 0.20625
1 0.87890625 0.696875 0.1734375 0.2125
1 0.7640625 0.93359375 0.115625 0.1328125
1 0.0859375 0.0578125 0.134375 0.115625
1 0.30625 0.30625 0.14375 0.1828125
1 0.28046875 0.08515625 0.125 0.1703125
2 0.609375 0.128125 0.25 0.25625
0 0.6140625 0.30625 0.071875 0.1
0 0.42734375 0.76953125 0.071875 0.1