2 0.86796875 0.64296875 0.2640625 0.3421875
1 0.69609375 0.70546875 0.225 0.290625
1 0.7453125 0.403125 0.175 0.2484375
1 0.6671875 0.39453125 0.175 0.2484375
1 0.71328125 0.25390625 0.1484375 0.203125
1 0.4390625 0.6765625 0.19375 0.2546875
1 0.32421875 0.896875 0.196875 0.18125
1 0.26953125 0.884375 0.196875 0.18125
1 0.32109375 0.57578125 0.2 0.2453125
1 0.21640625 0.446875 0.2 0.2453125
1 0.45546875 0.46640625 0.228125 0.2546875
1 0.12421875 0.834375 0.1921875 0.2109375
1 0.871875 0.8828125 0.146875 0.234375
1 0.96171875 0.3765625 0.0765625 0.284375
1 0.53359375 0.09375 0.2421875 0.1875
1 0.12734375 0.52890625 0.2 0.2453125
1 0.1296875 0.6234375 0.2 0.2453125
1 0.12109375 0.7453125 0.2 0.2453125
1 0.0296875 0.75078125 0.059375 0.2296875
1 0.1765625 0.12265625 0.24375 0.2453125
1 0.29140625 0.1484375 0.2359375 0.296875
0 0.49140625 0.23203125 0.0875 0.109375
0 0.403125 0.2 0.0875 0.109375
0 0.5953125 0.1078125 0.0875 0.109375
1 0.50390625 0.3703125 0.221875 0.259375