1 0.81875 0.3765625 0.196875 0.2359375
1 0.93828125 0.3546875 0.1234375 0.2625
1 0.57734375 0.45390625 0.25 0.2765625
1 0.3015625 0.89453125 0.20625 0.2109375
1 0.15703125 0.91953125 0.1890625 0.1609375
1 0.2359375 0.65390625 0.2125 0.265625
1 0.0953125 0.40703125 0.190625 0.2796875
1 0.12890625 0.1875 0.2125 0.265625
1 0.35234375 0.459375 0.2125 0.265625
1 0.725 0.80703125 0.2328125 0.33125
1 0.88515625 0.7046875 0.2078125 0.25625
1 0.8265625 0.48828125 0.2078125 0.25625
1 0.66015625 0.10390625 0.1609375 0.2078125
1 0.378125 0.221875 0.1890625 0.23125
1 0.2734375 0.09609375 0.1984375 0.1515625
1 0.83828125 0.1734375 0.1890625 0.23125
1 0.89296875 0.83515625 0.2140625 0.2203125
2 0.52109375 0.8703125 0.3890625 0.259375