1 0.91015625 0.31171875 0.1796875 0.2328125
1 0.43203125 0.12578125 0.2421875 0.2140625
1 0.1140625 0.59140625 0.228125 0.2140625
1 0.18125 0.16796875 0.2421875 0.2140625
1 0.56328125 0.42265625 0.284375 0.2234375
1 0.34453125 0.73359375 0.284375 0.2234375
1 0.21171875 0.90234375 0.2671875 0.1421875
1 0.51640625 0.96796875 0.2546875 0.0640625
1 0.6875 0.20859375 0.2671875 0.196875
1 0.50703125 0.53515625 0.284375 0.2234375
1 0.315625 0.47265625 0.284375 0.2234375
1 0.1359375 0.38515625 0.2609375 0.221875
2 0.70703125 0.71796875 0.546875 0.475
0 0.02734375 0.7515625 0.0546875 0.090625