1 0.16875 0.8734375 0.2359375 0.196875
1 0.553125 0.6125 0.175 0.2515625
1 0.53203125 0.371875 0.1734375 0.2203125
1 0.64140625 0.90390625 0.1734375 0.1921875
1 0.775 0.1671875 0.1828125 0.2203125
1 0.9328125 0.61640625 0.134375 0.2140625
1 0.84765625 0.89453125 0.1578125 0.2109375
1 0.90859375 0.1265625 0.165625 0.165625
1 0.16953125 0.1921875 0.1765625 0.2609375
1 0.19296875 0.63515625 0.1828125 0.240625
1 0.328125 0.70234375 0.171875 0.203125
1 0.24140625 0.4296875 0.2140625 0.2453125
1 0.38203125 0.30546875 0.1640625 0.21875
1 0.43984375 0.19921875 0.171875 0.2125
1 0.33515625 0.11875 0.2015625 0.2375
2 0.73828125 0.47734375 0.328125 0.3671875
0 0.47890625 0.071875 0.075 0.096875