1 0.14296875 0.1640625 0.171875 0.309375
1 0.684375 0.0515625 0.196875 0.103125
1 0.43671875 0.07890625 0.2046875 0.1578125
1 0.884375 0.32578125 0.2046875 0.2375
1 0.34765625 0.69296875 0.2046875 0.2375
1 0.2078125 0.9 0.203125 0.2
1 0.57265625 0.8484375 0.1875 0.2625
1 0.1203125 0.6390625 0.18125 0.2
1 0.32109375 0.21328125 0.1859375 0.246875
1 0.24921875 0.44140625 0.24375 0.2875
1 0.8390625 0.91171875 0.1875 0.1765625
1 0.95078125 0.496875 0.096875 0.240625
2 0.5625 0.4796875 0.365625 0.478125
0 0.09765625 0.0171875 0.065625 0.034375