2 0.371875 0.27421875 0.325 0.28125
2 0.87109375 0.48203125 0.2578125 0.2859375
1 0.8640625 0.21640625 0.221875 0.203125
1 0.79375 0.0734375 0.240625 0.146875
1 0.71875 0.11640625 0.240625 0.2046875
1 0.4015625 0.5875 0.240625 0.2046875
1 0.590625 0.68125 0.2546875 0.23125
1 0.934375 0.8359375 0.13125 0.209375
1 0.81015625 0.89296875 0.209375 0.1609375
1 0.66328125 0.8796875 0.2234375 0.209375
1 0.5171875 0.8828125 0.2234375 0.209375
1 0.2640625 0.921875 0.3 0.15625
1 0.0953125 0.86875 0.128125 0.2484375
0 0.82734375 0.33203125 0.1140625 0.109375
0 0.48984375 0.13828125 0.103125 0.0765625
0 0.234375 0.5734375 0.103125 0.0765625
0 0.2046875 0.690625 0.103125 0.0765625
1 0.52421875 0.5171875 0.240625 0.2046875
1 0.63125 0.4171875 0.240625 0.2046875
1 0.05625 0.1421875 0.1125 0.18125
1 0.128125 0.0859375 0.2234375 0.10625
1 0.12890625 0.14453125 0.234375 0.18125
1 0.56640625 0.04296875 0.2890625 0.0859375
1 0.4828125 0.68828125 0.190625 0.16875