2 0.67890625 0.42265625 0.34375 0.3984375
1 0.7265625 0.84609375 0.2375 0.2890625
1 0.46484375 0.34375 0.1921875 0.290625
1 0.19609375 0.78984375 0.1859375 0.2734375
1 0.228125 0.85703125 0.1828125 0.2421875
1 0.5453125 0.84453125 0.228125 0.284375
1 0.2625 0.2140625 0.1921875 0.1953125
1 0.04921875 0.67890625 0.0984375 0.2671875
1 0.13125 0.17890625 0.2171875 0.259375
1 0.4 0.56953125 0.2296875 0.2890625
1 0.20390625 0.56328125 0.2296875 0.2890625
1 0.8875 0.48671875 0.1921875 0.290625
0 0.8515625 0.7796875 0.0625 0.0921875