1 0.81640625 0.76953125 0.234375 0.2828125
1 0.85703125 0.521875 0.234375 0.2828125
1 0.1140625 0.1453125 0.159375 0.2734375
1 0.8203125 0.29453125 0.20625 0.2390625
1 0.3515625 0.82265625 0.20625 0.2390625
1 0.590625 0.3859375 0.2 0.2015625
1 0.28515625 0.35234375 0.2 0.2015625
1 0.371875 0.634375 0.2 0.2015625
1 0.5171875 0.94921875 0.1875 0.1015625
1 0.39453125 0.1578125 0.2078125 0.228125
1 0.1140625 0.68046875 0.2078125 0.228125
1 0.66171875 0.746875 0.2203125 0.26875
1 0.709375 0.16484375 0.2375 0.265625
1 0.41015625 0.34140625 0.1546875 0.1828125
2 0.08515625 0.41953125 0.1703125 0.2859375
0 0.87578125 0.4359375 0.053125 0.0671875