1 0.675 0.27734375 0.2234375 0.2296875
1 0.53828125 0.30234375 0.2125 0.1921875
1 0.6421875 0.74921875 0.225 0.20625
1 0.16171875 0.734375 0.21875 0.1765625
1 0.096875 0.6953125 0.1859375 0.15625
1 0.4 0.9078125 0.25625 0.184375
1 0.24296875 0.44296875 0.25625 0.184375
1 0.6375 0.07890625 0.259375 0.1578125
1 0.36484375 0.14609375 0.2515625 0.1703125
1 0.31171875 0.35390625 0.2515625 0.1703125
1 0.75 0.5 0.2515625 0.1703125
1 0.49609375 0.51796875 0.26875 0.203125
2 0.8796875 0.3171875 0.240625 0.465625
1 0.8984375 0.75078125 0.203125 0.1578125
1 0.7625 0.7140625 0.215625 0.1578125
1 0.09375 0.1671875 0.1875 0.184375