1 0.3375 0.48515625 0.2265625 0.203125
1 0.8625 0.25703125 0.21875 0.2015625
1 0.7046875 0.6296875 0.2609375 0.209375
1 0.7109375 0.8453125 0.2953125 0.246875
1 0.67578125 0.3515625 0.2484375 0.21875
1 0.646875 0.07265625 0.240625 0.1453125
1 0.46796875 0.646875 0.2703125 0.209375
1 0.46484375 0.20390625 0.2953125 0.2328125
1 0.28046875 0.88046875 0.2828125 0.2328125
1 0.07578125 0.3296875 0.1515625 0.2
0 0.225 0.31640625 0.10625 0.103125
0 0.409375 0.384375 0.103125 0.0859375
0 0.3375 0.60234375 0.109375 0.090625
2 0.15546875 0.66796875 0.303125 0.303125