1 0.4546875 0.8515625 0.24375 0.1515625
1 0.6984375 0.54921875 0.2453125 0.2109375
1 0.48046875 0.078125 0.2296875 0.15625
1 0.43203125 0.21875 0.2375 0.1828125
1 0.8953125 0.29609375 0.2 0.20625
1 0.93515625 0.46640625 0.1296875 0.2109375
1 0.9390625 0.67265625 0.121875 0.1546875
1 0.95859375 0.809375 0.0828125 0.134375
1 0.26875 0.7453125 0.1890625 0.1640625
1 0.0796875 0.5828125 0.159375 0.1875
1 0.07265625 0.76796875 0.13125 0.1765625
1 0.06171875 0.34609375 0.1234375 0.1765625
1 0.85546875 0.0984375 0.221875 0.14375
1 0.69765625 0.28359375 0.2078125 0.1625
1 0.2515625 0.1390625 0.221875 0.1796875
2 0.35546875 0.51328125 0.4296875 0.3140625
0 0.66796875 0.9 0.14375 0.1203125