1 0.79453125 0.85078125 0.2015625 0.25
1 0.7078125 0.7125 0.2140625 0.2671875
1 0.525 0.7703125 0.2265625 0.265625
1 0.50546875 0.91328125 0.2171875 0.1734375
1 0.30546875 0.840625 0.23125 0.2703125
1 0.20078125 0.4609375 0.2296875 0.2703125
1 0.38515625 0.59453125 0.2453125 0.2890625
1 0.90390625 0.5609375 0.1921875 0.25
1 0.9046875 0.33203125 0.190625 0.2421875
1 0.89921875 0.13671875 0.2015625 0.1921875
1 0.3171875 0.27265625 0.1796875 0.2203125
1 0.21796875 0.23828125 0.1796875 0.2203125
1 0.1328125 0.0703125 0.16875 0.140625
1 0.2828125 0.07734375 0.178125 0.1546875
1 0.07109375 0.77265625 0.1421875 0.2703125
1 0.20078125 0.71640625 0.2453125 0.2921875
2 0.640625 0.2328125 0.4796875 0.4640625