1 0.23359375 0.096875 0.2203125 0.19375
1 0.45390625 0.0984375 0.209375 0.1875
1 0.65625 0.2296875 0.234375 0.1921875
1 0.81953125 0.115625 0.2203125 0.196875
1 0.85390625 0.33046875 0.19375 0.19375
1 0.853125 0.4875 0.215625 0.2
1 0.871875 0.68203125 0.253125 0.184375
1 0.85078125 0.8140625 0.190625 0.175
1 0.63671875 0.82578125 0.246875 0.1734375
1 0.52421875 0.90390625 0.1765625 0.1921875
1 0.33671875 0.8765625 0.1875 0.2125
1 0.17734375 0.6078125 0.2203125 0.190625
1 0.1109375 0.88046875 0.221875 0.1984375
1 0.3046875 0.365625 0.303125 0.2109375
2 0.4953125 0.5703125 0.5015625 0.3890625