1 0.240625 0.22109375 0.2375 0.2484375
1 0.0765625 0.225 0.153125 0.2375
1 0.48203125 0.771875 0.2375 0.2484375
1 0.796875 0.79453125 0.246875 0.2796875
1 0.76875 0.540625 0.2078125 0.271875
1 0.91953125 0.31484375 0.159375 0.3
1 0.3015625 0.5640625 0.2109375 0.259375
1 0.41796875 0.33046875 0.2109375 0.259375
1 0.1078125 0.36796875 0.209375 0.234375
1 0.6109375 0.859375 0.240625 0.28125
2 0.60546875 0.2859375 0.2828125 0.340625
0 0.25546875 0.65390625 0.071875 0.0859375
2 0.9578125 0.62109375 0.084375 0.2921875