1 0.80703125 0.3828125 0.2015625 0.2484375
1 0.5703125 0.19609375 0.2015625 0.2484375
1 0.7234375 0.21640625 0.1859375 0.19375
1 0.6578125 0.4875 0.2234375 0.2671875
1 0.50625 0.378125 0.253125 0.278125
1 0.28828125 0.90078125 0.2203125 0.1984375
1 0.178125 0.94453125 0.19375 0.1109375
1 0.253125 0.6953125 0.25625 0.26875
1 0.0984375 0.4328125 0.196875 0.259375
1 0.8125 0.109375 0.26875 0.21875
1 0.3453125 0.47734375 0.2125 0.2890625
2 0.68984375 0.7734375 0.4640625 0.453125
0 0.64296875 0.090625 0.0671875 0.0796875