2 0.75703125 0.28203125 0.2703125 0.2984375
2 0.17265625 0.83515625 0.2859375 0.3296875
0 0.65546875 0.14375 0.06875 0.0921875
0 0.9703125 0.8828125 0.059375 0.0875
1 0.9109375 0.7125 0.178125 0.24375
1 0.80390625 0.7703125 0.2375 0.24375
1 0.79140625 0.50546875 0.2375 0.24375
1 0.8734375 0.4578125 0.2375 0.24375
1 0.36875 0.71796875 0.2375 0.24375
1 0.3609375 0.47578125 0.2375 0.24375
1 0.3921875 0.18828125 0.2375 0.24375
1 0.24140625 0.30546875 0.1890625 0.2484375
1 0.8578125 0.0671875 0.1625 0.134375
1 0.90859375 0.21484375 0.134375 0.2359375
1 0.046875 0.2828125 0.09375 0.271875
1 0.10703125 0.4375 0.2140625 0.284375