1 0.32890625 0.3890625 0.2953125 0.246875
1 0.34296875 0.79453125 0.2 0.1578125
1 0.28125 0.6390625 0.2125 0.19375
1 0.57890625 0.7 0.190625 0.175
1 0.53984375 0.51953125 0.209375 0.2
1 0.77265625 0.38671875 0.215625 0.1734375
1 0.8375 0.2171875 0.2578125 0.203125
1 0.85703125 0.5859375 0.240625 0.215625
1 0.74765625 0.83359375 0.253125 0.2109375
1 0.36875 0.16640625 0.2171875 0.1859375
1 0.58984375 0.14375 0.265625 0.2046875
1 0.1203125 0.50546875 0.240625 0.2046875
2 0.1578125 0.7640625 0.315625 0.415625