2 0.32890625 0.609375 0.3484375 0.415625
0 0.14921875 0.4875 0.084375 0.0921875
0 0.1203125 0.53515625 0.084375 0.0921875
0 0.44921875 0.025 0.0703125 0.05
1 0.28828125 0.89140625 0.2390625 0.2171875
1 0.790625 0.0859375 0.24375 0.171875
1 0.71640625 0.79140625 0.2546875 0.328125
1 0.84453125 0.67734375 0.2171875 0.1953125
1 0.49921875 0.29453125 0.2171875 0.2265625
1 0.3609375 0.2625 0.2171875 0.2265625
1 0.4765625 0.8421875 0.2171875 0.2265625
1 0.534375 0.73125 0.2328125 0.2609375
1 0.95546875 0.78671875 0.0890625 0.2515625
1 0.87265625 0.4921875 0.2546875 0.265625
1 0.8609375 0.33671875 0.221875 0.2203125
1 0.64921875 0.35 0.225 0.234375
1 0.23125 0.3953125 0.2421875 0.2421875
1 0.0890625 0.29453125 0.178125 0.2421875