1 0.39296875 0.41171875 0.2625 0.234375
1 0.56875 0.221875 0.2296875 0.1859375
1 0.16328125 0.05703125 0.2203125 0.1140625
1 0.3609375 0.121875 0.23125 0.225
1 0.6328125 0.54609375 0.203125 0.1765625
1 0.76796875 0.5203125 0.2578125 0.196875
1 0.87890625 0.5125 0.2421875 0.196875
1 0.5390625 0.721875 0.20625 0.2109375
1 0.87734375 0.9109375 0.1578125 0.178125
1 0.72109375 0.82890625 0.28125 0.2578125
1 0.8734375 0.67734375 0.2328125 0.196875
1 0.08203125 0.84765625 0.1640625 0.2109375
1 0.8578125 0.3609375 0.24375 0.1953125
1 0.1265625 0.51796875 0.24375 0.1953125
1 0.7375 0.16015625 0.24375 0.1953125
0 0.16015625 0.38515625 0.1078125 0.078125
0 0.2765625 0.0109375 0.109375 0.021875
2 0.28125 0.7109375 0.3984375 0.365625