1 0.8578125 0.459375 0.18125 0.2375
1 0.6828125 0.2140625 0.18125 0.2359375
1 0.82421875 0.2765625 0.1703125 0.1796875
1 0.6859375 0.51875 0.2015625 0.253125
1 0.57109375 0.37109375 0.23125 0.259375
1 0.21171875 0.8328125 0.203125 0.21875
1 0.0890625 0.8734375 0.178125 0.196875
1 0.23984375 0.60625 0.2359375 0.25
1 0.159375 0.31171875 0.1859375 0.2453125
1 0.91171875 0.1703125 0.1765625 0.246875
1 0.38828125 0.42265625 0.1890625 0.2765625
2 0.6375 0.796875 0.43125 0.40625
0 0.78125 0.13359375 0.0609375 0.075