2 0.64921875 0.89453125 0.2421875 0.20625
0 0.1140625 0.50234375 0.0921875 0.1015625
1 0.653125 0.56875 0.2359375 0.2671875
1 0.4921875 0.62890625 0.2015625 0.2375
1 0.5078125 0.83984375 0.2015625 0.2375
1 0.28671875 0.2984375 0.2015625 0.2375
1 0.1609375 0.271875 0.2015625 0.2375
1 0.29140625 0.1109375 0.1859375 0.1984375
1 0.3765625 0.075 0.165625 0.14375
1 0.0671875 0.10859375 0.134375 0.1453125
1 0.91796875 0.68046875 0.159375 0.2078125
1 0.84765625 0.64765625 0.159375 0.2078125
1 0.80859375 0.51796875 0.159375 0.2078125
1 0.8609375 0.4765625 0.159375 0.2078125
1 0.88828125 0.43046875 0.159375 0.2078125
1 0.909375 0.35703125 0.1765625 0.2234375
1 0.834375 0.0703125 0.234375 0.140625
1 0.2921875 0.884375 0.190625 0.225
1 0.09375 0.76640625 0.15625 0.2359375
1 0.13984375 0.92421875 0.1859375 0.1515625
1 0.41015625 0.3125 0.2015625 0.2265625
1 0.575 0.28203125 0.140625 0.196875
1 0.55703125 0.17109375 0.140625 0.196875
1 0.4703125 0.1 0.190625 0.2