1 0.50703125 0.171875 0.2328125 0.196875
1 0.47265625 0.06171875 0.2609375 0.1234375
1 0.53828125 0.41640625 0.275 0.2515625
1 0.25703125 0.840625 0.225 0.2078125
1 0.25703125 0.94765625 0.2578125 0.1046875
1 0.50234375 0.79765625 0.2609375 0.215625
1 0.78515625 0.84453125 0.278125 0.2453125
1 0.91171875 0.7 0.1765625 0.2125
1 0.625 0.61640625 0.2609375 0.215625
1 0.16796875 0.43046875 0.325 0.2375
1 0.1921875 0.2484375 0.253125 0.2109375
1 0.40625 0.2109375 0.253125 0.2109375
1 0.8140625 0.19765625 0.2171875 0.1640625
1 0.821875 0.4953125 0.2296875 0.190625
1 0.9484375 0.53671875 0.103125 0.1921875
1 0.67734375 0.08359375 0.2296875 0.1671875
1 0.09140625 0.29375 0.1828125 0.225
2 0.16484375 0.646875 0.3296875 0.396875