1 0.60859375 0.7203125 0.2515625 0.2390625
1 0.31171875 0.4875 0.3078125 0.25
1 0.4125 0.78125 0.2859375 0.2328125
1 0.23984375 0.22421875 0.2578125 0.2578125
1 0.7453125 0.10546875 0.3203125 0.184375
1 0.83359375 0.69765625 0.2859375 0.259375
1 0.7984375 0.86171875 0.26875 0.1890625
1 0.23046875 0.8734375 0.290625 0.2046875
1 0.52109375 0.9296875 0.2546875 0.140625
1 0.79453125 0.96953125 0.1984375 0.0609375
1 0.11171875 0.47734375 0.2234375 0.2328125
0 0.5625 0.846875 0.075 0.0609375
0 0.46328125 0.64296875 0.1171875 0.10625
2 0.63984375 0.46328125 0.4359375 0.390625