1 0.32265625 0.68359375 0.225 0.1859375
1 0.578125 0.92109375 0.209375 0.1578125
1 0.79609375 0.853125 0.215625 0.1734375
1 0.42109375 0.2375 0.2203125 0.1484375
1 0.17734375 0.4390625 0.1875 0.14375
1 0.33359375 0.1796875 0.2 0.146875
1 0.90625 0.0625 0.15 0.125
1 0.58046875 0.10859375 0.18125 0.140625
1 0.5984375 0.6625 0.2015625 0.15
1 0.8359375 0.48515625 0.240625 0.209375
1 0.78359375 0.15546875 0.2421875 0.159375
1 0.7796875 0.7265625 0.2234375 0.16875
1 0.1484375 0.575 0.2015625 0.1515625
2 0.53984375 0.4234375 0.3984375 0.309375
0 0.07421875 0.10078125 0.078125 0.071875