2 0.11796875 0.3625 0.2359375 0.284375
1 0.29140625 0.78671875 0.275 0.1875
1 0.3375 0.48203125 0.275 0.1875
1 0.5125 0.59296875 0.3296875 0.16875
1 0.52578125 0.75078125 0.2609375 0.171875
1 0.33046875 0.27265625 0.2609375 0.171875
1 0.6359375 0.28828125 0.2609375 0.171875
1 0.8765625 0.37734375 0.24375 0.1890625
1 0.80078125 0.8671875 0.278125 0.2109375
1 0.07734375 0.0984375 0.1546875 0.171875
1 0.375 0.01796875 0.2390625 0.0359375
1 0.66015625 0.0203125 0.3171875 0.040625
1 0.790625 0.0828125 0.240625 0.165625
1 0.840625 0.221875 0.2875 0.2125
1 0.61953125 0.91171875 0.2578125 0.1546875
1 0.5125 0.1 0.275 0.1875