1 0.88046875 0.240625 0.215625 0.190625
1 0.38984375 0.1375 0.2015625 0.1703125
1 0.15703125 0.59765625 0.2015625 0.1703125
1 0.16953125 0.20703125 0.2015625 0.1703125
1 0.5453125 0.3875 0.2390625 0.175
1 0.38828125 0.69609375 0.2390625 0.175
1 0.2859375 0.903125 0.2390625 0.175
1 0.57265625 0.9359375 0.2359375 0.128125
1 0.6296875 0.1796875 0.228125 0.1515625
1 0.50859375 0.49609375 0.2390625 0.175
1 0.3296875 0.46484375 0.2390625 0.175
1 0.15625 0.4078125 0.2171875 0.175
2 0.7125 0.63515625 0.4578125 0.3796875
0 0.09453125 0.75390625 0.0640625 0.0765625