1 0.19296875 0.484375 0.2734375 0.2328125
1 0.19453125 0.68984375 0.290625 0.2640625
1 0.05546875 0.62421875 0.1109375 0.2453125
1 0.50625 0.5296875 0.2859375 0.265625
1 0.81171875 0.3421875 0.2859375 0.265625
1 0.803125 0.53046875 0.25625 0.2109375
1 0.69765625 0.63984375 0.2390625 0.2109375
1 0.790625 0.95078125 0.2375 0.0984375
1 0.54453125 0.92109375 0.2609375 0.1578125
1 0.4265625 0.778125 0.3 0.240625
1 0.13359375 0.21796875 0.196875 0.2171875
1 0.2859375 0.125 0.2859375 0.2390625
1 0.52265625 0.16953125 0.2859375 0.2390625
2 0.3734375 0.3203125 0.3203125 0.2578125