1 0.2921875 0.91640625 0.309375 0.1671875
1 0.115625 0.5203125 0.23125 0.228125
1 0.27421875 0.159375 0.284375 0.2421875
1 0.4875 0.146875 0.26875 0.25
1 0.70546875 0.03828125 0.2890625 0.0765625
1 0.73046875 0.12109375 0.2765625 0.203125
1 0.84765625 0.27578125 0.2625 0.2484375
1 0.64375 0.31328125 0.2375 0.2296875
1 0.734375 0.52265625 0.2375 0.2296875
1 0.42109375 0.34609375 0.2421875 0.1984375
1 0.05625 0.28828125 0.1125 0.1921875
1 0.1046875 0.7265625 0.1625 0.1890625
1 0.271875 0.74765625 0.2390625 0.2203125
1 0.7390625 0.8609375 0.275 0.2375
2 0.42109375 0.534375 0.5546875 0.4421875