2 0.33515625 0.36796875 0.2640625 0.321875
1 0.2125 0.57734375 0.1890625 0.2296875
1 0.54921875 0.63828125 0.1640625 0.2703125
1 0.48828125 0.64765625 0.1296875 0.2671875
1 0.4328125 0.696875 0.1296875 0.2671875
1 0.38984375 0.73203125 0.1296875 0.2671875
1 0.3421875 0.7375 0.1296875 0.2671875
1 0.7921875 0.59375 0.1890625 0.2296875
1 0.71171875 0.5625 0.1890625 0.2296875
1 0.82109375 0.778125 0.1890625 0.2296875
1 0.93828125 0.846875 0.090625 0.2265625
1 0.959375 0.31875 0.08125 0.2125
1 0.934375 0.20390625 0.13125 0.2203125
1 0.66953125 0.28125 0.2 0.2515625
1 0.5984375 0.1 0.2015625 0.2
1 0.62265625 0.89453125 0.1984375 0.2109375
1 0.34140625 0.9046875 0.1859375 0.1828125
1 0.2078125 0.13515625 0.16875 0.24375
1 0.4203125 0.090625 0.1625 0.18125