1 0.859375 0.6921875 0.253125 0.175
1 0.60234375 0.871875 0.253125 0.1734375
1 0.33359375 0.84921875 0.2453125 0.2109375
1 0.15390625 0.94765625 0.2203125 0.1046875
1 0.125 0.76953125 0.24375 0.1828125
1 0.7421875 0.9625 0.2421875 0.071875
1 0.93828125 0.85234375 0.1234375 0.1578125
1 0.18046875 0.528125 0.2484375 0.1296875
1 0.1796875 0.4515625 0.20625 0.2046875
1 0.1703125 0.24921875 0.25 0.18125
1 0.6625 0.6953125 0.1875 0.15625
1 0.89921875 0.378125 0.2 0.1703125
1 0.5109375 0.14765625 0.2125 0.171875
1 0.89765625 0.246875 0.1984375 0.165625
1 0.72578125 0.1296875 0.2609375 0.1953125
2 0.49296875 0.39609375 0.54375 0.41875