2 0.1765625 0.546875 0.353125 0.340625
1 0.3375 0.3359375 0.240625 0.253125
1 0.0921875 0.3328125 0.1609375 0.1921875
1 0.1890625 0.88515625 0.246875 0.1625
1 0.2046875 0.21953125 0.2328125 0.1921875
1 0.5453125 0.1890625 0.2078125 0.1734375
1 0.421875 0.53125 0.2078125 0.1734375
1 0.40625 0.621875 0.2078125 0.1734375
1 0.3703125 0.68984375 0.2078125 0.1734375
1 0.32109375 0.71171875 0.2078125 0.1734375
1 0.26015625 0.784375 0.2078125 0.1734375
1 0.58359375 0.9265625 0.2078125 0.146875
1 0.4015625 0.93125 0.2375 0.1375
1 0.9296875 0.59921875 0.140625 0.1578125
1 0.5734375 0.58515625 0.2078125 0.2078125
1 0.8203125 0.42421875 0.1859375 0.1671875
1 0.65625 0.09296875 0.2875 0.1859375
1 0.85546875 0.2578125 0.2859375 0.225
1 0.29921875 0.090625 0.2859375 0.18125
1 0.1734375 0.0609375 0.203125 0.121875
1 0.4953125 0.4484375 0.2078125 0.1734375
1 0.6390625 0.47265625 0.2078125 0.1734375