2 0.75390625 0.32734375 0.2453125 0.275
2 0.1359375 0.83125 0.24375 0.3375
0 0.66640625 0.18359375 0.059375 0.0859375
0 0.915625 0.9296875 0.059375 0.0765625
1 0.89375 0.76328125 0.2125 0.2234375
1 0.75859375 0.8078125 0.2171875 0.2234375
1 0.76875 0.5484375 0.2171875 0.2234375
1 0.853125 0.509375 0.2171875 0.2234375
1 0.3375 0.71953125 0.2171875 0.2234375
1 0.35 0.48359375 0.2171875 0.2234375
1 0.40546875 0.20546875 0.2171875 0.2234375
1 0.24765625 0.30625 0.1671875 0.23125
1 0.88359375 0.09375 0.1671875 0.1875
1 0.9203125 0.2734375 0.1390625 0.2265625
1 0.0484375 0.26484375 0.096875 0.2578125
1 0.1 0.4234375 0.2 0.265625