1 0.440625 0.3875 0.1796875 0.2125
1 0.390625 0.1890625 0.21875 0.25
1 0.603125 0.396875 0.1796875 0.2234375
1 0.884375 0.7125 0.1703125 0.21875
1 0.92265625 0.9046875 0.1546875 0.190625
1 0.33515625 0.9203125 0.165625 0.159375
1 0.51953125 0.71171875 0.1875 0.2078125
1 0.0703125 0.0890625 0.140625 0.178125
1 0.73203125 0.61796875 0.171875 0.265625
1 0.6359375 0.10859375 0.175 0.215625
1 0.9453125 0.25625 0.109375 0.25
1 0.9109375 0.47890625 0.159375 0.253125
1 0.25546875 0.465625 0.190625 0.25
0 0.39921875 0.03828125 0.0765625 0.0765625
2 0.68671875 0.8703125 0.340625 0.259375