2 0.58515625 0.53671875 0.340625 0.284375
1 0.35625 0.64921875 0.2265625 0.196875
1 0.740625 0.8453125 0.246875 0.2296875
1 0.3046875 0.9140625 0.2390625 0.153125
1 0.21875 0.80703125 0.2453125 0.2265625
1 0.09765625 0.7421875 0.1953125 0.228125
1 0.121875 0.3359375 0.2109375 0.1484375
1 0.2796875 0.3875 0.2359375 0.234375
1 0.271875 0.5015625 0.28125 0.25
1 0.875 0.6515625 0.2375 0.2265625
1 0.7515625 0.4203125 0.215625 0.1796875
1 0.5828125 0.32421875 0.215625 0.1796875
1 0.94375 0.31328125 0.1125 0.1796875
1 0.17109375 0.15 0.246875 0.2328125
0 0.87109375 0.47421875 0.09375 0.084375
0 0.72734375 0.653125 0.09375 0.084375
1 0.8046875 0.1328125 0.2546875 0.184375
1 0.47890625 0.04765625 0.2359375 0.0953125
1 0.34296875 0.0765625 0.2484375 0.153125