2 0.82734375 0.440625 0.2859375 0.340625
0 0.284375 0.61328125 0.103125 0.0875
1 0.54453125 0.22109375 0.2265625 0.28125
1 0.61640625 0.10859375 0.1609375 0.2171875
1 0.3546875 0.3375 0.190625 0.2125
1 0.23046875 0.34140625 0.2296875 0.2296875
1 0.58671875 0.4609375 0.2328125 0.2671875
1 0.63671875 0.625 0.2328125 0.2671875
1 0.765625 0.74296875 0.2328125 0.2671875
1 0.57109375 0.865625 0.2328125 0.2671875
1 0.3359375 0.86484375 0.2328125 0.2671875
1 0.09765625 0.284375 0.1953125 0.21875
1 0.08359375 0.16875 0.1671875 0.228125
1 0.228125 0.09296875 0.1953125 0.1578125
1 0.821875 0.10546875 0.246875 0.2109375
1 0.9046875 0.1546875 0.15625 0.2828125
1 0.95390625 0.29453125 0.084375 0.2921875
1 0.96953125 0.4484375 0.0609375 0.29375
1 0.98046875 0.5859375 0.0390625 0.240625
1 0.98515625 0.69296875 0.0296875 0.2421875
1 0.96328125 0.803125 0.0734375 0.25
1 0.971875 0.8984375 0.05625 0.128125
1 0.49296875 0.0359375 0.1609375 0.071875