2 0.39375 0.15390625 0.465625 0.3078125
2 0.25390625 0.5265625 0.5078125 0.525
1 0.475 0.31328125 0.2859375 0.2125
1 0.67890625 0.1890625 0.25625 0.20625
1 0.82421875 0.159375 0.2109375 0.16875
1 0.5765625 0.49765625 0.2109375 0.16875
1 0.53828125 0.54921875 0.2109375 0.16875
1 0.78671875 0.525 0.2109375 0.16875
1 0.7609375 0.58671875 0.2109375 0.16875
1 0.73984375 0.6359375 0.2109375 0.16875
1 0.878125 0.86640625 0.1453125 0.1734375
1 0.91796875 0.65546875 0.153125 0.20625
1 0.9671875 0.47265625 0.065625 0.1890625
1 0.96171875 0.153125 0.0765625 0.153125
1 0.6921875 0.77890625 0.265625 0.2546875
1 0.31796875 0.9125 0.25625 0.1640625
1 0.471875 0.9421875 0.203125 0.115625
1 0.684375 0.959375 0.2 0.08125