1 0.6046875 0.2453125 0.21875 0.2359375
1 0.86484375 0.3109375 0.21875 0.2359375
1 0.83828125 0.4375 0.21875 0.2359375
1 0.74375 0.65546875 0.2109375 0.2
1 0.37734375 0.4953125 0.175 0.2375
1 0.20859375 0.56875 0.175 0.2375
1 0.1546875 0.1609375 0.175 0.2375
1 0.40390625 0.90703125 0.1828125 0.1859375
1 0.42421875 0.28984375 0.1828125 0.209375
1 0.51796875 0.6890625 0.19375 0.2328125
1 0.91171875 0.85390625 0.1328125 0.2515625
1 0.07734375 0.81484375 0.1546875 0.2390625
2 0.68046875 0.85 0.3734375 0.3