2 0.78671875 0.69296875 0.4140625 0.4875
1 0.48671875 0.70234375 0.2328125 0.26875
1 0.24296875 0.69140625 0.234375 0.3171875
1 0.38125 0.2671875 0.2484375 0.3484375
1 0.8375 0.34140625 0.2140625 0.2296875
1 0.54453125 0.87578125 0.2140625 0.228125
1 0.3515625 0.89296875 0.2078125 0.203125
1 0.07109375 0.36171875 0.1421875 0.2765625
1 0.25546875 0.165625 0.20625 0.28125
1 0.140625 0.1078125 0.18125 0.215625
1 0.1359375 0.48359375 0.20625 0.26875
1 0.71484375 0.14609375 0.2265625 0.2546875
1 0.8328125 0.2140625 0.2296875 0.2625
1 0.1375 0.86015625 0.1890625 0.1828125
1 0.34765625 0.8984375 0.1921875 0.1875