1 0.39609375 0.28046875 0.2140625 0.171875
1 0.26875 0.278125 0.2140625 0.171875
1 0.52421875 0.07421875 0.2140625 0.1484375
1 0.92109375 0.3984375 0.1578125 0.171875
1 0.82421875 0.82890625 0.24375 0.171875
1 0.9140625 0.2046875 0.171875 0.171875
1 0.60625 0.21640625 0.2359375 0.1734375
1 0.5671875 0.521875 0.2140625 0.171875
1 0.66484375 0.94296875 0.2171875 0.1140625
1 0.13359375 0.43828125 0.221875 0.165625
1 0.725 0.4046875 0.221875 0.165625
2 0.20703125 0.72421875 0.3015625 0.2703125
0 0.76796875 0.7078125 0.0796875 0.059375
0 0.13359375 0.0203125 0.0890625 0.040625