1 0.63671875 0.68515625 0.20625 0.2578125
1 0.321875 0.596875 0.1953125 0.16875
1 0.3046875 0.34375 0.1984375 0.1765625
1 0.403125 0.46484375 0.1984375 0.1765625
1 0.2625 0.69765625 0.2515625 0.178125
1 0.51328125 0.29765625 0.23125 0.1765625
1 0.81171875 0.59140625 0.1984375 0.1765625
1 0.84609375 0.7046875 0.1984375 0.1765625
1 0.7453125 0.83203125 0.25 0.1859375
1 0.53359375 0.0765625 0.2015625 0.153125
1 0.91171875 0.0953125 0.1765625 0.125
1 0.1453125 0.0671875 0.178125 0.134375
1 0.51171875 0.9390625 0.1890625 0.121875
1 0.18984375 0.9109375 0.1890625 0.1359375
1 0.04765625 0.7859375 0.0953125 0.16875
1 0.66328125 0.24921875 0.2375 0.18125
2 0.89296875 0.365625 0.2140625 0.25625
0 0.6234375 0.09765625 0.0609375 0.053125