2 0.3828125 0.64375 0.265625 0.2890625
0 0.26015625 0.478125 0.1015625 0.1203125
1 0.86484375 0.19375 0.225 0.284375
1 0.7890625 0.59765625 0.16875 0.2234375
1 0.9765625 0.75390625 0.046875 0.2140625
1 0.753125 0.74453125 0.25 0.2875
1 0.578125 0.8078125 0.25 0.2875
1 0.69140625 0.39765625 0.2140625 0.23125
1 0.66796875 0.14453125 0.2171875 0.2890625
1 0.34453125 0.31015625 0.2 0.2625
1 0.15234375 0.42421875 0.2 0.2625
1 0.0703125 0.43828125 0.140625 0.3390625
1 0.55234375 0.5828125 0.1984375 0.2625
1 0.5234375 0.33828125 0.1984375 0.2625
1 0.45625 0.10546875 0.246875 0.2109375
1 0.26953125 0.08359375 0.184375 0.1328125
1 0.81015625 0.07265625 0.2609375 0.1453125
1 0.06875 0.665625 0.134375 0.2609375
1 0.0890625 0.14375 0.178125 0.2