2 0.659375 0.21796875 0.440625 0.35625
1 0.70390625 0.5046875 0.2421875 0.2
1 0.721875 0.74140625 0.290625 0.196875
1 0.29609375 0.6578125 0.3203125 0.2046875
1 0.3140625 0.21171875 0.2046875 0.1875
1 0.8640625 0.428125 0.2046875 0.1875
1 0.90625 0.61328125 0.1828125 0.184375
1 0.425 0.9453125 0.2625 0.109375
1 0.2140625 0.790625 0.2578125 0.171875
1 0.16484375 0.9078125 0.2125 0.153125
1 0.534375 0.86796875 0.2453125 0.171875
1 0.13828125 0.3515625 0.2359375 0.196875
1 0.19296875 0.23046875 0.2359375 0.196875
1 0.9 0.8234375 0.1671875 0.1703125
1 0.9125 0.615625 0.1703125 0.1703125