1 0.87265625 0.71640625 0.215625 0.209375
1 0.8328125 0.8890625 0.228125 0.2125
1 0.6015625 0.67578125 0.246875 0.215625
1 0.22421875 0.32109375 0.26875 0.2328125
1 0.46484375 0.24375 0.3078125 0.25
1 0.86875 0.29765625 0.253125 0.2015625
1 0.134375 0.6921875 0.26875 0.25
1 0.06328125 0.57421875 0.1265625 0.1953125
1 0.40703125 0.87265625 0.215625 0.2328125
1 0.89140625 0.1453125 0.2171875 0.190625
1 0.9421875 0.4671875 0.115625 0.171875
1 0.28515625 0.2234375 0.240625 0.2359375
1 0.20390625 0.5234375 0.2859375 0.228125
2 0.65390625 0.43125 0.5328125 0.43125