1 0.45390625 0.1515625 0.2296875 0.2578125
1 0.290625 0.45390625 0.203125 0.2359375
1 0.17578125 0.6640625 0.240625 0.290625
1 0.38671875 0.70078125 0.240625 0.290625
1 0.83125 0.346875 0.2125 0.1890625
1 0.56875 0.8484375 0.1828125 0.2109375
1 0.521875 0.71640625 0.1828125 0.2109375
1 0.94140625 0.8078125 0.1171875 0.203125
1 0.1734375 0.890625 0.1828125 0.2109375
2 0.91796875 0.49296875 0.1640625 0.2953125
0 0.87578125 0.1578125 0.0796875 0.09375
0 0.35703125 0.3140625 0.0703125 0.0890625
0 0.40859375 0.2796875 0.0703125 0.0890625
0 0.30078125 0.2625 0.084375 0.096875