1 0.1296875 0.82578125 0.259375 0.1984375
1 0.2625 0.91015625 0.2125 0.1484375
1 0.4515625 0.87265625 0.2609375 0.2109375
1 0.49765625 0.27734375 0.2359375 0.184375
1 0.14765625 0.51875 0.2375 0.1609375
1 0.1375 0.5828125 0.2359375 0.184375
1 0.86171875 0.25390625 0.2765625 0.2140625
1 0.87109375 0.86796875 0.1828125 0.1984375
1 0.175 0.146875 0.2359375 0.184375
1 0.23125 0.25234375 0.1875 0.165625
1 0.359375 0.6015625 0.228125 0.18125
2 0.66953125 0.46328125 0.4640625 0.3640625
0 0.65078125 0.87109375 0.090625 0.0609375