1 0.25546875 0.315625 0.2140625 0.240625
1 0.5015625 0.44921875 0.2765625 0.2515625
1 0.71015625 0.2578125 0.2015625 0.1765625
1 0.41796875 0.2140625 0.28125 0.2
1 0.64921875 0.1109375 0.24375 0.2125
1 0.46328125 0.09375 0.2359375 0.1875
1 0.41171875 0.559375 0.234375 0.2265625
1 0.365625 0.68203125 0.25625 0.246875
1 0.1015625 0.2578125 0.1546875 0.215625
0 0.06015625 0.66640625 0.0859375 0.0734375
0 0.021875 0.54921875 0.04375 0.0953125
0 0.0671875 0.8203125 0.134375 0.109375
0 0.0203125 0.6828125 0.040625 0.103125
0 0.7921875 0.77734375 0.0984375 0.1
0 0.89296875 0.21796875 0.0703125 0.0625
2 0.24296875 0.08984375 0.3359375 0.1796875