2 0.315625 0.59609375 0.278125 0.3015625
0 0.25625 0.39921875 0.10625 0.1234375
1 0.9 0.3390625 0.2 0.29375
1 0.71171875 0.69140625 0.18125 0.2296875
1 0.871875 0.9015625 0.140625 0.196875
1 0.6265625 0.81640625 0.2640625 0.2984375
1 0.4421875 0.81640625 0.2640625 0.2984375
1 0.68828125 0.47109375 0.2265625 0.240625
1 0.75234375 0.225 0.2328125 0.3015625
1 0.39296875 0.27109375 0.2125 0.2703125
1 0.17421875 0.3125 0.2125 0.2703125
1 0.0875 0.29453125 0.171875 0.3375
1 0.49453125 0.596875 0.2125 0.2703125
1 0.55078125 0.3578125 0.2125 0.2703125
1 0.5703125 0.11484375 0.259375 0.2296875
1 0.4 0.0515625 0.190625 0.103125
1 0.8921875 0.17421875 0.215625 0.2328125
1 0.04453125 0.51171875 0.0890625 0.2578125
1 0.20546875 0.06484375 0.2015625 0.1296875