1 0.58203125 0.90546875 0.2640625 0.1890625
1 0.33046875 0.8515625 0.28125 0.25625
1 0.59921875 0.0921875 0.2609375 0.184375
1 0.640625 0.3140625 0.2875 0.2078125
1 0.503125 0.6578125 0.275 0.2484375
1 0.2015625 0.39140625 0.2875 0.2078125
1 0.22109375 0.55859375 0.3109375 0.2171875
1 0.8515625 0.1390625 0.1953125 0.2015625
1 0.109375 0.7234375 0.16875 0.1703125
1 0.890625 0.2890625 0.178125 0.1890625
1 0.97734375 0.8140625 0.0453125 0.184375
1 0.33046875 0.0703125 0.2296875 0.13125
1 0.203125 0.97578125 0.21875 0.0484375