1 0.9 0.128125 0.190625 0.215625
1 0.84375 0.34921875 0.21875 0.30625
1 0.84296875 0.5296875 0.1875 0.2046875
1 0.71796875 0.50234375 0.1125 0.2875
1 0.89765625 0.92109375 0.1359375 0.1578125
1 0.4875 0.7921875 0.1703125 0.24375
1 0.29765625 0.8890625 0.14375 0.1875
1 0.6328125 0.690625 0.1796875 0.190625
1 0.58359375 0.41875 0.196875 0.19375
1 0.64296875 0.1890625 0.190625 0.25
1 0.52578125 0.18515625 0.190625 0.25
1 0.31953125 0.2125 0.190625 0.2796875
1 0.7828125 0.77734375 0.128125 0.290625
1 0.91171875 0.72109375 0.1703125 0.2
1 0.70546875 0.88359375 0.1609375 0.2328125
1 0.0515625 0.49765625 0.103125 0.3015625
1 0.1484375 0.0453125 0.196875 0.090625
0 0.209375 0.20078125 0.065625 0.1015625
2 0.30625 0.5125 0.378125 0.44375