1 0.22734375 0.778125 0.20625 0.309375
1 0.0859375 0.46171875 0.171875 0.2578125
1 0.09140625 0.87578125 0.1828125 0.1546875
1 0.69453125 0.58984375 0.2140625 0.2421875
1 0.66484375 0.1796875 0.221875 0.28125
1 0.42109375 0.13359375 0.2015625 0.23125
1 0.73515625 0.3890625 0.2140625 0.2421875
1 0.82578125 0.1734375 0.225 0.2796875
1 0.47734375 0.72421875 0.2109375 0.1921875
1 0.5171875 0.90546875 0.1375 0.1890625
1 0.07109375 0.7203125 0.1421875 0.225
1 0.24375 0.1265625 0.1921875 0.24375
1 0.93359375 0.478125 0.1328125 0.253125
2 0.51953125 0.4265625 0.4359375 0.5265625