1 0.60859375 0.87265625 0.23125 0.18125
1 0.74375 0.72734375 0.2640625 0.234375
1 0.32421875 0.90234375 0.2640625 0.1953125
1 0.36796875 0.51015625 0.2640625 0.228125
1 0.60625 0.15390625 0.259375 0.2125
1 0.378125 0.71640625 0.2625 0.2359375
1 0.625 0.40546875 0.2125 0.175
1 0.70625 0.29765625 0.2125 0.175
1 0.83125 0.046875 0.19375 0.09375
1 0.36328125 0.12421875 0.203125 0.19375
1 0.2703125 0.12890625 0.2453125 0.2046875
1 0.58828125 0.61796875 0.359375 0.225
1 0.9328125 0.7078125 0.134375 0.221875
1 0.75 0.375 0.1859375 0.1578125
0 0.16640625 0.74296875 0.0890625 0.08125
0 0.528125 0.553125 0.090625 0.08125
0 0.559375 0.29375 0.1078125 0.06875
0 0.8640625 0.0859375 0.0859375 0.08125
2 0.19140625 0.35546875 0.3828125 0.4203125