1 0.66875 0.690625 0.2015625 0.25625
1 0.33828125 0.6171875 0.1953125 0.165625
1 0.30625 0.35703125 0.196875 0.171875
1 0.41484375 0.4765625 0.196875 0.171875
1 0.28203125 0.72421875 0.2515625 0.171875
1 0.52109375 0.2984375 0.2296875 0.1703125
1 0.84375 0.58515625 0.196875 0.1734375
1 0.8859375 0.69921875 0.196875 0.1734375
1 0.7890625 0.83671875 0.25 0.1796875
1 0.528125 0.07109375 0.2 0.1421875
1 0.915625 0.0703125 0.16875 0.10625
1 0.1265625 0.0734375 0.175 0.146875
1 0.55390625 0.95 0.1890625 0.1
1 0.21953125 0.93671875 0.190625 0.1078125
1 0.0546875 0.8296875 0.109375 0.16875
1 0.67265625 0.23984375 0.2359375 0.1765625
2 0.90546875 0.3453125 0.1890625 0.25
0 0.6234375 0.0859375 0.059375 0.05