1 0.70703125 0.2828125 0.19375 0.1609375
1 0.88671875 0.228125 0.1828125 0.1640625
1 0.5015625 0.6734375 0.246875 0.19375
1 0.7015625 0.80703125 0.2 0.1609375
1 0.1109375 0.79140625 0.1671875 0.1453125
1 0.2609375 0.8703125 0.2265625 0.196875
1 0.30390625 0.2359375 0.2015625 0.16875
1 0.38359375 0.5203125 0.2109375 0.178125
1 0.103125 0.925 0.121875 0.15
1 0.43203125 0.93828125 0.2203125 0.1234375
1 0.77578125 0.9296875 0.1828125 0.1
1 0.92578125 0.85703125 0.1484375 0.1953125
1 0.14296875 0.56640625 0.2234375 0.221875
2 0.8359375 0.428125 0.328125 0.246875
0 0.65703125 0.45390625 0.0984375 0.0765625