1 0.2953125 0.096875 0.278125 0.1859375
1 0.09140625 0.096875 0.1828125 0.15
1 0.075 0.26953125 0.15 0.2171875
1 0.13046875 0.53671875 0.2609375 0.2109375
1 0.51796875 0.6609375 0.271875 0.2109375
1 0.6765625 0.1671875 0.2390625 0.178125
1 0.78515625 0.0515625 0.2546875 0.103125
1 0.84140625 0.3078125 0.2578125 0.178125
1 0.78671875 0.490625 0.2359375 0.178125
1 0.7796875 0.6875 0.2390625 0.2046875
1 0.91875 0.85859375 0.1625 0.2015625
1 0.25546875 0.70625 0.2375 0.1796875
1 0.95 0.390625 0.0984375 0.159375
1 0.934375 0.16875 0.1 0.19375
2 0.38125 0.35234375 0.5375 0.43125
0 0.5359375 0.80234375 0.1578125 0.125
0 0.1515625 0.80703125 0.096875 0.084375