2 0.753125 0.62265625 0.4671875 0.39375
1 0.3484375 0.61640625 0.26875 0.240625
1 0.4171875 0.66875 0.26875 0.240625
1 0.40625 0.275 0.2609375 0.209375
1 0.228125 0.16640625 0.26875 0.240625
1 0.671875 0.03515625 0.26875 0.0703125
1 0.88203125 0.3953125 0.2359375 0.20625
1 0.77421875 0.87421875 0.2359375 0.1828125
1 0.5078125 0.915625 0.2625 0.16875
1 0.37421875 0.8734375 0.265625 0.2203125
1 0.14140625 0.49765625 0.2828125 0.2703125
1 0.1765625 0.3484375 0.275 0.21875
1 0.5109375 0.05859375 0.259375 0.1171875
1 0.41171875 0.32578125 0.2453125 0.1578125
1 0.05703125 0.34765625 0.1140625 0.1953125
1 0.04375 0.25234375 0.0875 0.1953125
0 0.27890625 0.778125 0.090625 0.078125
1 0.578125 0.11953125 0.2609375 0.209375
1 0.16015625 0.84765625 0.203125 0.2078125
1 0.934375 0.6640625 0.13125 0.259375