1 0.13125 0.6125 0.2109375 0.2859375
1 0.559375 0.2296875 0.2109375 0.2859375
1 0.34375 0.40234375 0.2453125 0.24375
1 0.7734375 0.6 0.1875 0.2359375
1 0.87890625 0.4765625 0.1875 0.2359375
1 0.81640625 0.2140625 0.2078125 0.2984375
1 0.12890625 0.203125 0.209375 0.290625
1 0.24453125 0.075 0.1953125 0.15
1 0.934375 0.31015625 0.13125 0.2359375
1 0.89140625 0.71953125 0.190625 0.2484375
2 0.44453125 0.72734375 0.4453125 0.5453125
0 0.23671875 0.7375 0.075 0.0859375
0 0.146875 0.35078125 0.1 0.1125