2 0.71015625 0.49296875 0.3875 0.440625
2 0.68125 0.16875 0.29375 0.3203125
0 0.903125 0.34921875 0.0796875 0.103125
0 0.04375 0.69921875 0.0796875 0.103125
1 0.2796875 0.5484375 0.275 0.340625
1 0.2890625 0.20625 0.225 0.2828125
1 0.16171875 0.11640625 0.2109375 0.2328125
1 0.278125 0.05390625 0.209375 0.1078125
1 0.784375 0.93984375 0.171875 0.1203125
1 0.7390625 0.9015625 0.184375 0.196875
1 0.6984375 0.878125 0.1875 0.24375
1 0.640625 0.83046875 0.1875 0.2625
1 0.57578125 0.75 0.1875 0.2625
1 0.94296875 0.4046875 0.1140625 0.259375
1 0.971875 0.2609375 0.05625 0.25625
1 0.13359375 0.7890625 0.1640625 0.2453125
1 0.2046875 0.80859375 0.18125 0.2484375
1 0.42265625 0.87109375 0.1984375 0.253125
1 0.45859375 0.27734375 0.234375 0.2875