1 0.13828125 0.30703125 0.240625 0.2328125
1 0.19296875 0.79140625 0.2640625 0.2484375
1 0.41796875 0.85078125 0.2390625 0.21875
1 0.446875 0.73515625 0.315625 0.2515625
1 0.5265625 0.5953125 0.30625 0.15625
1 0.6515625 0.5734375 0.265625 0.215625
1 0.746875 0.90625 0.271875 0.1875
1 0.3609375 0.33984375 0.2546875 0.2859375
1 0.490625 0.09765625 0.3 0.1953125
1 0.88828125 0.69296875 0.1984375 0.2390625
1 0.7234375 0.76328125 0.2765625 0.196875
1 0.096875 0.6203125 0.19375 0.2375
2 0.67578125 0.3140625 0.6484375 0.628125