1 0.5015625 0.16953125 0.2046875 0.259375
1 0.65859375 0.478125 0.20625 0.196875
1 0.7828125 0.10234375 0.1875 0.1984375
1 0.87109375 0.5328125 0.1859375 0.253125
1 0.86484375 0.21484375 0.1765625 0.2140625
1 0.7234375 0.03515625 0.1609375 0.065625
1 0.0953125 0.096875 0.146875 0.19375
1 0.34765625 0.62734375 0.1734375 0.221875
1 0.83046875 0.8890625 0.1734375 0.221875
1 0.634375 0.6890625 0.20625 0.215625
1 0.065625 0.86484375 0.13125 0.2203125
1 0.1671875 0.66640625 0.18125 0.209375
1 0.38828125 0.88515625 0.1828125 0.2296875
1 0.56015625 0.91328125 0.1890625 0.1734375
1 0.20625 0.88671875 0.1671875 0.2203125
1 0.05 0.45 0.1 0.2046875
2 0.2734375 0.2640625 0.3140625 0.43125