1 0.35703125 0.18671875 0.1765625 0.253125
1 0.17578125 0.4375 0.1765625 0.253125
1 0.19296875 0.70390625 0.2125 0.2453125
1 0.0734375 0.87734375 0.146875 0.2203125
1 0.26875 0.8921875 0.18125 0.20625
1 0.06484375 0.296875 0.1234375 0.240625
1 0.20078125 0.08359375 0.1609375 0.1671875
1 0.50859375 0.86171875 0.1328125 0.2484375
1 0.58359375 0.8625 0.20625 0.2078125
1 0.78359375 0.875 0.1828125 0.25
1 0.35 0.38203125 0.15625 0.1859375
1 0.66875 0.1484375 0.1734375 0.2125
1 0.890625 0.540625 0.1734375 0.2125
1 0.8 0.1328125 0.16875 0.246875
1 0.90703125 0.32890625 0.1859375 0.2609375
2 0.64453125 0.5546875 0.425 0.5421875