2 0.3546875 0.2703125 0.2171875 0.2703125
1 0.440625 0.68046875 0.1875 0.234375
1 0.55234375 0.23984375 0.1875 0.234375
1 0.62578125 0.6296875 0.1546875 0.209375
1 0.77890625 0.73125 0.1546875 0.209375
1 0.71953125 0.76484375 0.1546875 0.209375
1 0.6 0.8828125 0.2125 0.234375
1 0.38359375 0.5453125 0.1671875 0.196875
1 0.21328125 0.78359375 0.21875 0.2546875
1 0.17734375 0.08359375 0.1859375 0.1671875
1 0.3671875 0.0953125 0.16875 0.1796875
1 0.75 0.09921875 0.1875 0.1828125
1 0.91015625 0.3921875 0.1796875 0.2
1 0.909375 0.521875 0.18125 0.2
1 0.925 0.640625 0.146875 0.2140625
1 0.81875 0.3203125 0.1609375 0.215625
1 0.7375 0.23828125 0.1609375 0.215625
1 0.74609375 0.38671875 0.1609375 0.215625
1 0.74296875 0.44140625 0.178125 0.2234375
1 0.70234375 0.44375 0.178125 0.2234375
1 0.634375 0.4875 0.178125 0.2234375
1 0.1609375 0.5875 0.2078125 0.2328125
1 0.79453125 0.934375 0.2109375 0.13125
1 0.0578125 0.86015625 0.115625 0.2390625
0 0.1953125 0.24140625 0.065625 0.1015625