1 0.6078125 0.28515625 0.2328125 0.2453125
1 0.446875 0.125 0.1578125 0.23125
1 0.14609375 0.1515625 0.18125 0.2390625
1 0.31328125 0.26015625 0.18125 0.2375
1 0.2828125 0.48125 0.18125 0.2375
1 0.41640625 0.84921875 0.203125 0.24375
1 0.615625 0.6921875 0.2015625 0.278125
1 0.3046875 0.64453125 0.1953125 0.25
1 0.621875 0.9125 0.20625 0.175
1 0.821875 0.9375 0.221875 0.125
1 0.0671875 0.8234375 0.134375 0.1875
1 0.0578125 0.69140625 0.115625 0.2203125
1 0.10078125 0.95234375 0.1609375 0.084375
1 0.31328125 0.95625 0.1609375 0.084375
2 0.85078125 0.48203125 0.2984375 0.4609375
0 0.72421875 0.30625 0.075 0.1