1 0.275 0.50625 0.2375 0.196875
1 0.3375 0.38359375 0.1953125 0.1625
1 0.81796875 0.178125 0.2796875 0.1734375
1 0.5796875 0.9125 0.2375 0.175
1 0.57265625 0.34765625 0.240625 0.2
1 0.54609375 0.4703125 0.2234375 0.1796875
1 0.5234375 0.56328125 0.2140625 0.18125
1 0.1546875 0.2765625 0.2140625 0.18125
1 0.5484375 0.0625 0.225 0.125
1 0.35 0.265625 0.2140625 0.18125
1 0.60546875 0.78125 0.2375 0.178125
1 0.34609375 0.79765625 0.253125 0.2171875
1 0.1578125 0.709375 0.253125 0.2171875
2 0.7953125 0.61640625 0.409375 0.4265625