1 0.146875 0.24609375 0.196875 0.309375
1 0.63828125 0.06875 0.2046875 0.1375
1 0.40859375 0.10859375 0.2171875 0.2171875
1 0.86015625 0.31171875 0.2203125 0.246875
1 0.4 0.7171875 0.2203125 0.246875
1 0.2921875 0.9109375 0.2125 0.178125
1 0.62890625 0.8375 0.2046875 0.2671875
1 0.18046875 0.69296875 0.19375 0.209375
1 0.3203125 0.27109375 0.2015625 0.2546875
1 0.278125 0.49375 0.2625 0.296875
1 0.8859375 0.86875 0.196875 0.19375
1 0.94140625 0.4625 0.1171875 0.2375
2 0.57734375 0.49296875 0.3984375 0.4890625
0 0.08515625 0.0890625 0.071875 0.0890625