1 0.9109375 0.7015625 0.178125 0.284375
1 0.41796875 0.265625 0.19375 0.2453125
1 0.56875 0.11484375 0.234375 0.2296875
1 0.26875 0.25390625 0.2109375 0.234375
1 0.44609375 0.9078125 0.2078125 0.184375
1 0.32421875 0.59140625 0.2109375 0.234375
1 0.3109375 0.48984375 0.2109375 0.234375
1 0.0984375 0.35703125 0.196875 0.3046875
1 0.690625 0.12265625 0.19375 0.2453125
1 0.7171875 0.8 0.19375 0.2515625
1 0.28828125 0.81640625 0.2265625 0.2546875
0 0.47421875 0.7046875 0.071875 0.0765625
0 0.56640625 0.8125 0.0734375 0.0921875
0 0.80546875 0.16171875 0.084375 0.1
2 0.7359375 0.4625 0.459375 0.559375