1 0.51328125 0.64296875 0.20625 0.2046875
1 0.63203125 0.45390625 0.20625 0.2046875
1 0.44921875 0.475 0.2328125 0.2
1 0.0890625 0.5265625 0.178125 0.19375
1 0.090625 0.32421875 0.18125 0.2046875
1 0.23359375 0.62109375 0.2484375 0.221875
1 0.2171875 0.91875 0.240625 0.1625
1 0.62421875 0.08203125 0.2328125 0.1640625
1 0.84921875 0.35703125 0.2328125 0.2
1 0.36015625 0.90234375 0.2328125 0.1953125
1 0.1140625 0.8390625 0.1390625 0.128125
1 0.84453125 0.0484375 0.1734375 0.096875
1 0.6296875 0.28125 0.196875 0.165625
1 0.83671875 0.215625 0.184375 0.1453125
2 0.85703125 0.54140625 0.2859375 0.2796875
0 0.68671875 0.57734375 0.1078125 0.084375
0 0.20625 0.484375 0.1078125 0.084375