1 0.7234375 0.81640625 0.2484375 0.2046875
1 0.41640625 0.9046875 0.2484375 0.190625
1 0.60546875 0.9375 0.2421875 0.125
1 0.26015625 0.97890625 0.2390625 0.0421875
1 0.128125 0.65546875 0.2453125 0.2203125
1 0.81484375 0.553125 0.2671875 0.228125
1 0.8359375 0.3734375 0.2765625 0.1921875
1 0.9046875 0.68125 0.190625 0.184375
1 0.52109375 0.06640625 0.2484375 0.1328125
1 0.07265625 0.10546875 0.1453125 0.1296875
1 0.87734375 0.05234375 0.1515625 0.1046875
1 0.87890625 0.2015625 0.196875 0.2109375
1 0.18671875 0.18984375 0.228125 0.2140625
2 0.44453125 0.490625 0.496875 0.403125
0 0.09375 0.54765625 0.0890625 0.0578125