1 0.72734375 0.84609375 0.29375 0.125
1 0.34375 0.734375 0.215625 0.1875
1 0.47109375 0.93203125 0.2140625 0.1359375
1 0.7375 0.58359375 0.21875 0.16875
1 0.9078125 0.58046875 0.184375 0.1609375
1 0.5890625 0.1984375 0.2046875 0.16875
1 0.45859375 0.42734375 0.20625 0.184375
1 0.196875 0.475 0.24375 0.178125
1 0.05859375 0.18125 0.1171875 0.16875
1 0.16953125 0.3109375 0.20625 0.1609375
1 0.390625 0.3171875 0.253125 0.1546875
1 0.64921875 0.071875 0.1984375 0.1375
1 0.15859375 0.9234375 0.2328125 0.153125
1 0.09453125 0.7765625 0.1828125 0.1609375
1 0.07734375 0.63125 0.153125 0.14375
0 0.62578125 0.9875 0.075 0.021875
0 0.5515625 0.36328125 0.065625 0.0671875
2 0.8265625 0.3 0.346875 0.421875