1 0.6171875 0.35390625 0.259375 0.2890625
1 0.803125 0.553125 0.2078125 0.2484375
1 0.96875 0.17109375 0.0625 0.1671875
1 0.89921875 0.340625 0.2015625 0.25625
1 0.45859375 0.596875 0.1984375 0.2234375
1 0.47578125 0.73984375 0.2234375 0.28125
1 0.47578125 0.8625 0.2234375 0.275
1 0.28203125 0.48515625 0.2328125 0.228125
1 0.07734375 0.834375 0.1546875 0.19375
1 0.15546875 0.66875 0.2875 0.3109375
1 0.3015625 0.84765625 0.221875 0.26875
1 0.1859375 0.04375 0.203125 0.0875
1 0.63671875 0.84609375 0.2171875 0.265625
1 0.52109375 0.09921875 0.2078125 0.1984375
1 0.85625 0.734375 0.2171875 0.265625
0 0.6625 0.1109375 0.0890625 0.11875
2 0.31328125 0.21640625 0.4046875 0.4328125