1 0.5859375 0.778125 0.196875 0.246875
1 0.78671875 0.74375 0.2265625 0.2578125
1 0.74765625 0.92421875 0.2296875 0.1515625
1 0.58203125 0.4671875 0.228125 0.2546875
1 0.353125 0.19921875 0.228125 0.2546875
1 0.5375 0.178125 0.178125 0.23125
1 0.66015625 0.2640625 0.1796875 0.2140625
1 0.95703125 0.125 0.0859375 0.19375
1 0.94765625 0.3640625 0.1046875 0.234375
1 0.83671875 0.50546875 0.2 0.271875
1 0.3359375 0.89375 0.1953125 0.203125
1 0.2234375 0.7421875 0.2015625 0.25625
1 0.23046875 0.50625 0.2015625 0.25625
2 0.39921875 0.62734375 0.215625 0.290625
0 0.05078125 0.040625 0.0453125 0.08125