1 0.15703125 0.15078125 0.2171875 0.2328125
1 0.71875 0.32265625 0.2390625 0.2328125
1 0.45546875 0.5734375 0.2109375 0.221875
1 0.2953125 0.74765625 0.2359375 0.1734375
1 0.0875 0.81953125 0.175 0.1828125
1 0.221875 0.578125 0.2296875 0.1890625
1 0.284375 0.44609375 0.2703125 0.2171875
1 0.503125 0.35625 0.2296875 0.1890625
1 0.87734375 0.92109375 0.2078125 0.1578125
1 0.528125 0.20078125 0.2296875 0.1765625
1 0.91796875 0.35859375 0.1640625 0.1859375
1 0.63984375 0.95859375 0.2953125 0.0828125
2 0.75859375 0.6671875 0.4828125 0.415625