1 0.6703125 0.6875 0.1953125 0.2109375
1 0.77890625 0.4734375 0.2078125 0.265625
1 0.64375 0.32421875 0.190625 0.2421875
1 0.5296875 0.4125 0.1828125 0.2109375
1 0.653125 0.1078125 0.18125 0.20625
1 0.60703125 0.89921875 0.1921875 0.2015625
1 0.3921875 0.91953125 0.1875 0.159375
1 0.82421875 0.1375 0.196875 0.2359375
1 0.90078125 0.85 0.159375 0.2390625
1 0.36328125 0.2296875 0.165625 0.240625
1 0.17421875 0.234375 0.165625 0.240625
1 0.0953125 0.33984375 0.165625 0.240625
2 0.2046875 0.63515625 0.3921875 0.4171875