2 0.81640625 0.71640625 0.2859375 0.2390625
1 0.33046875 0.40078125 0.28125 0.2125
1 0.28671875 0.5484375 0.2234375 0.2
1 0.46484375 0.48203125 0.2234375 0.2
1 0.5203125 0.5 0.2234375 0.2
1 0.478125 0.91640625 0.2875 0.1671875
1 0.5953125 0.928125 0.24375 0.14375
1 0.62734375 0.81875 0.25 0.1796875
1 0.55703125 0.7796875 0.25 0.1796875
1 0.52734375 0.72109375 0.25 0.1796875
1 0.46796875 0.65234375 0.25 0.1796875
1 0.25 0.93125 0.25 0.1375
1 0.2234375 0.88984375 0.25 0.1796875
1 0.17421875 0.74921875 0.25 0.1796875
1 0.853125 0.14375 0.203125 0.171875
1 0.703125 0.06015625 0.215625 0.1203125
1 0.18203125 0.13125 0.215625 0.1734375
1 0.325 0.11171875 0.246875 0.2015625
1 0.40703125 0.1359375 0.246875 0.2015625
1 0.0609375 0.21953125 0.121875 0.1890625
1 0.07890625 0.32109375 0.1578125 0.1890625
1 0.1046875 0.33515625 0.190625 0.1890625
1 0.8890625 0.8703125 0.221875 0.16875
1 0.96640625 0.515625 0.0671875 0.1625
1 0.73984375 0.32265625 0.259375 0.221875
1 0.59296875 0.29140625 0.259375 0.221875
1 0.54296875 0.21796875 0.259375 0.221875
0 0.2375 0.27421875 0.1109375 0.084375
0 0.190625 0.66015625 0.090625 0.0671875
1 0.559375 0.07421875 0.2375 0.1484375