1 0.42109375 0.25859375 0.2515625 0.2140625
1 0.2859375 0.2375 0.2515625 0.2140625
1 0.5859375 0.0765625 0.24375 0.153125
1 0.93359375 0.4609375 0.1328125 0.2
1 0.79375 0.89921875 0.284375 0.2015625
1 0.93984375 0.25546875 0.1203125 0.2015625
1 0.65390625 0.221875 0.275 0.21875
1 0.56640625 0.5421875 0.2515625 0.2140625
1 0.6109375 0.96328125 0.240625 0.0734375
1 0.1234375 0.38828125 0.246875 0.2078125
1 0.75234375 0.440625 0.259375 0.209375
2 0.16640625 0.7046875 0.3328125 0.334375
0 0.75234375 0.7703125 0.09375 0.075