1 0.49453125 0.3421875 0.221875 0.1734375
1 0.5671875 0.63046875 0.221875 0.1734375
1 0.61015625 0.715625 0.221875 0.1734375
1 0.8390625 0.61875 0.253125 0.196875
1 0.66953125 0.43984375 0.253125 0.1953125
1 0.85625 0.2875 0.2203125 0.1859375
1 0.890625 0.121875 0.1625 0.2015625
1 0.1484375 0.32265625 0.296875 0.228125
1 0.65390625 0.06796875 0.2203125 0.1359375
1 0.49375 0.88203125 0.221875 0.1734375
1 0.915625 0.5265625 0.16875 0.15625
1 0.53828125 0.15078125 0.196875 0.184375
1 0.321875 0.10703125 0.2140625 0.1890625
1 0.0609375 0.17265625 0.121875 0.1828125
2 0.2921875 0.50078125 0.3046875 0.2921875