1 0.24375 0.815625 0.2203125 0.2234375
1 0.34765625 0.934375 0.2171875 0.13125
1 0.1140625 0.62265625 0.2171875 0.175
1 0.80390625 0.83515625 0.2734375 0.2484375
1 0.61015625 0.76171875 0.275 0.2515625
1 0.4203125 0.11640625 0.275 0.2328125
1 0.47734375 0.20859375 0.275 0.2515625
1 0.47578125 0.4734375 0.2140625 0.2
1 0.934375 0.74765625 0.13125 0.2421875
1 0.63671875 0.06171875 0.2546875 0.1234375
1 0.10078125 0.1734375 0.2015625 0.203125
1 0.05234375 0.4203125 0.1046875 0.190625
0 0.83515625 0.5453125 0.10625 0.0859375
0 0.7765625 0.04609375 0.121875 0.0921875
2 0.7859375 0.35625 0.428125 0.421875