2 0.35546875 0.26875 0.4328125 0.5375
1 0.5984375 0.346875 0.15625 0.228125
1 0.571875 0.11875 0.19375 0.2375
1 0.73359375 0.18046875 0.190625 0.203125
1 0.8671875 0.11015625 0.171875 0.2203125
1 0.69921875 0.05 0.1890625 0.1
1 0.80546875 0.8078125 0.215625 0.2453125
1 0.58203125 0.9171875 0.1984375 0.165625
1 0.18046875 0.93671875 0.2296875 0.1265625
1 0.1125 0.7453125 0.1890625 0.25625
1 0.12734375 0.28046875 0.20625 0.2578125
1 0.47890625 0.52421875 0.20625 0.2578125
1 0.26875 0.76328125 0.215625 0.2265625
1 0.92578125 0.30390625 0.1296875 0.2296875
0 0.55390625 0.8140625 0.0875 0.09375
1 0.68515625 0.4828125 0.215625 0.2453125