1 0.4640625 0.109375 0.2 0.21875
1 0.6375 0.10390625 0.209375 0.2078125
1 0.5875 0.76015625 0.2171875 0.2515625
1 0.77265625 0.821875 0.234375 0.296875
1 0.52734375 0.31796875 0.2234375 0.240625
1 0.46796875 0.9140625 0.2234375 0.171875
1 0.6140625 0.496875 0.178125 0.25625
1 0.95234375 0.82421875 0.0953125 0.2234375
1 0.75859375 0.54453125 0.2109375 0.265625
1 0.7546875 0.3015625 0.2078125 0.24375
1 0.29765625 0.83203125 0.2078125 0.2640625
1 0.915625 0.5515625 0.16875 0.25
1 0.84609375 0.09375 0.2109375 0.1875
1 0.0875 0.7625 0.140625 0.2578125
2 0.1703125 0.33671875 0.340625 0.5265625
0 0.53515625 0.51015625 0.0734375 0.1015625