2 0.5046875 0.365625 0.296875 0.3828125
1 0.54765625 0.88515625 0.2609375 0.2296875
1 0.42734375 0.64296875 0.2109375 0.28125
1 0.15625 0.70703125 0.2125 0.28125
1 0.23671875 0.56484375 0.2125 0.28125
1 0.28125 0.4 0.2125 0.28125
1 0.1859375 0.346875 0.18125 0.240625
1 0.19609375 0.2234375 0.18125 0.240625
1 0.240625 0.1171875 0.18125 0.234375
1 0.10625 0.2046875 0.18125 0.240625
1 0.95234375 0.88984375 0.0671875 0.2203125
1 0.82734375 0.90703125 0.2171875 0.1859375
1 0.21875 0.88125 0.2421875 0.221875
0 0.3453125 0.9484375 0.0796875 0.090625
0 0.7109375 0.06484375 0.0765625 0.08125
1 0.6546875 0.68125 0.1796875 0.2578125
1 0.93046875 0.603125 0.1390625 0.25625
1 0.9375 0.0796875 0.125 0.121875
1 0.8171875 0.0734375 0.1578125 0.121875
1 0.96484375 0.1234375 0.0703125 0.203125