1 0.65859375 0.8859375 0.3046875 0.171875
1 0.31171875 0.7 0.240625 0.2171875
1 0.3921875 0.91640625 0.23125 0.1671875
1 0.721875 0.634375 0.2390625 0.2
1 0.8859375 0.6671875 0.2046875 0.1875
1 0.6578125 0.23203125 0.2265625 0.1984375
1 0.484375 0.42734375 0.2328125 0.215625
1 0.221875 0.41796875 0.265625 0.2140625
1 0.1375 0.1046875 0.1671875 0.1890625
1 0.2296875 0.2546875 0.228125 0.1921875
1 0.44140625 0.30625 0.2703125 0.190625
1 0.7421875 0.121875 0.215625 0.16875
1 0.109375 0.846875 0.21875 0.19375
1 0.08203125 0.6859375 0.1640625 0.190625
1 0.08046875 0.54375 0.1609375 0.16875
0 0.5296875 0.9921875 0.078125 0.015625
0 0.5875 0.38359375 0.0734375 0.0765625
2 0.83125 0.37890625 0.3375 0.4671875