1 0.859375 0.31484375 0.184375 0.221875
1 0.771875 0.5125 0.171875 0.21875
1 0.81015625 0.9453125 0.171875 0.109375
1 0.5953125 0.9203125 0.184375 0.159375
1 0.31953125 0.9453125 0.21875 0.109375
1 0.384375 0.7421875 0.175 0.24375
1 0.20390625 0.6703125 0.175 0.24375
1 0.09375 0.37578125 0.1875 0.1921875
1 0.6265625 0.1109375 0.1984375 0.221875
1 0.06015625 0.78203125 0.1203125 0.2453125
1 0.09296875 0.8875 0.1859375 0.225
1 0.04375 0.5546875 0.0875 0.1921875
1 0.57578125 0.49296875 0.175 0.2453125
1 0.671875 0.69921875 0.19375 0.2734375
2 0.40859375 0.24453125 0.4 0.4875