1 0.3484375 0.1359375 0.1953125 0.2015625
1 0.5078125 0.1546875 0.190625 0.2546875
1 0.44140625 0.59921875 0.1609375 0.21875
1 0.1390625 0.47578125 0.2015625 0.278125
1 0.54375 0.9265625 0.153125 0.146875
1 0.65390625 0.91640625 0.153125 0.1515625
1 0.09609375 0.8140625 0.15 0.2484375
1 0.26796875 0.7421875 0.215625 0.2453125
1 0.74609375 0.07734375 0.1953125 0.1546875
1 0.83046875 0.09296875 0.1671875 0.1859375
2 0.6546875 0.3953125 0.225 0.2859375
0 0.0140625 0.32421875 0.028125 0.0921875
0 0.00703125 0.42890625 0.0140625 0.0890625
0 0.1734375 0.8953125 0.0640625 0.09375