1 0.07109375 0.75234375 0.1421875 0.2171875
1 0.5359375 0.60625 0.29375 0.23125
1 0.8296875 0.8953125 0.2359375 0.1796875
1 0.20390625 0.88203125 0.271875 0.1859375
1 0.8546875 0.72578125 0.253125 0.2234375
1 0.09375 0.52421875 0.1875 0.2140625
1 0.3421875 0.103125 0.296875 0.20625
1 0.159375 0.38203125 0.2640625 0.234375
1 0.61171875 0.078125 0.2515625 0.15625
1 0.44765625 0.68984375 0.3046875 0.2328125
1 0.653125 0.72421875 0.2625 0.2078125
2 0.8796875 0.21484375 0.240625 0.3359375
0 0.37421875 0.8078125 0.10625 0.0953125