2 0.6125 0.73359375 0.4703125 0.4234375
1 0.5640625 0.23359375 0.25625 0.21875
1 0.2875 0.09453125 0.253125 0.178125
1 0.76640625 0.28671875 0.23125 0.1921875
1 0.7484375 0.13671875 0.23125 0.1921875
1 0.60390625 0.0640625 0.2265625 0.128125
1 0.79296875 0.04921875 0.2265625 0.0984375
1 0.159375 0.35078125 0.23125 0.1921875
1 0.16328125 0.4125 0.23125 0.1921875
1 0.12890625 0.50078125 0.23125 0.1921875
1 0.11875 0.575 0.23125 0.1921875
1 0.09453125 0.76015625 0.1671875 0.2
1 0.51484375 0.91796875 0.3078125 0.1640625
1 0.92890625 0.45 0.1421875 0.18125
1 0.93359375 0.59296875 0.1328125 0.1796875
1 0.09921875 0.93046875 0.1484375 0.1390625
1 0.3625 0.59140625 0.19375 0.209375
1 0.89375 0.11796875 0.175 0.2359375
1 0.240625 0.70703125 0.25625 0.1625
1 0.06953125 0.19765625 0.1390625 0.2234375