1 0.62109375 0.628125 0.2703125 0.2640625
1 0.5265625 0.08828125 0.265625 0.1765625
1 0.24375 0.134375 0.28125 0.2265625
1 0.04375 0.12890625 0.0875 0.1734375
1 0.2375 0.3515625 0.2328125 0.2125
1 0.4625 0.2859375 0.23125 0.203125
1 0.37265625 0.51640625 0.3109375 0.1828125
1 0.884375 0.49140625 0.23125 0.2015625
1 0.78671875 0.175 0.271875 0.240625
1 0.55 0.93828125 0.26875 0.1234375
1 0.30546875 0.95078125 0.2671875 0.0984375
1 0.78125 0.75625 0.275 0.2046875
1 0.63984375 0.41484375 0.275 0.2046875
1 0.06875 0.93671875 0.0625 0.1265625
2 0.10546875 0.446875 0.2109375 0.4125