1 0.19609375 0.66640625 0.1609375 0.2109375
1 0.18828125 0.8171875 0.1609375 0.2109375
1 0.590625 0.89375 0.16875 0.2125
1 0.4875 0.80078125 0.1671875 0.2484375
1 0.68671875 0.4796875 0.1421875 0.2390625
1 0.6078125 0.234375 0.1796875 0.2859375
1 0.84453125 0.39140625 0.1703125 0.2375
1 0.05625 0.4515625 0.1125 0.228125
1 0.8640625 0.765625 0.184375 0.2265625
1 0.115625 0.1984375 0.1859375 0.2265625
1 0.3203125 0.0984375 0.184375 0.196875
1 0.79140625 0.13828125 0.1546875 0.1984375
1 0.94296875 0.15859375 0.1140625 0.1984375
1 0.525 0.61953125 0.1796875 0.2
1 0.9453125 0.40546875 0.109375 0.2234375
1 0.78203125 0.58828125 0.13125 0.2046875
2 0.3484375 0.38515625 0.4859375 0.4453125