1 0.7234375 0.40859375 0.234375 0.2546875
1 0.5796875 0.2078125 0.2125 0.2609375
1 0.68203125 0.171875 0.190625 0.228125
1 0.68515625 0.8484375 0.2375 0.271875
1 0.10859375 0.1875 0.2140625 0.25625
1 0.175 0.56328125 0.225 0.2765625
1 0.18125 0.4546875 0.2203125 0.2578125
1 0.5125 0.609375 0.221875 0.2421875
1 0.09609375 0.80078125 0.1375 0.2734375
1 0.1578125 0.959375 0.15 0.08125
1 0.278125 0.94375 0.196875 0.1125
1 0.471875 0.89765625 0.20625 0.2046875
1 0.29140625 0.80078125 0.2046875 0.2453125
1 0.584375 0.63671875 0.2046875 0.2453125
1 0.8671875 0.72109375 0.2046875 0.2453125
1 0.8546875 0.25625 0.225 0.2765625
1 0.4875 0.40546875 0.1984375 0.190625
1 0.0515625 0.465625 0.103125 0.246875
2 0.290625 0.209375 0.3265625 0.390625