1 0.45859375 0.76640625 0.25625 0.2125
1 0.11015625 0.46328125 0.190625 0.1875
1 0.884375 0.121875 0.2109375 0.1890625
1 0.3859375 0.2828125 0.21875 0.1890625
1 0.6453125 0.67421875 0.21875 0.1890625
1 0.57578125 0.0828125 0.2453125 0.165625
1 0.63828125 0.475 0.21875 0.1890625
1 0.80078125 0.91328125 0.2171875 0.1609375
1 0.925 0.73515625 0.15 0.1609375
1 0.2453125 0.078125 0.2078125 0.1453125
2 0.36640625 0.51171875 0.3234375 0.21875
0 0.128125 0.12265625 0.0625 0.0453125
0 0.03125 0.15078125 0.0625 0.0453125