1 0.828125 0.8796875 0.240625 0.1921875
1 0.60390625 0.909375 0.2265625 0.18125
1 0.38359375 0.82109375 0.25625 0.2171875
1 0.23359375 0.92421875 0.2421875 0.1515625
1 0.1703125 0.746875 0.215625 0.2171875
1 0.1484375 0.5890625 0.2390625 0.2265625
1 0.11953125 0.39375 0.2390625 0.2125
1 0.1046875 0.2578125 0.209375 0.196875
1 0.31875 0.215625 0.26875 0.2015625
1 0.41796875 0.11328125 0.2015625 0.2265625
1 0.61484375 0.12109375 0.2125 0.2375
1 0.8140625 0.37109375 0.24375 0.215625
1 0.83984375 0.09765625 0.2453125 0.1953125
1 0.71953125 0.634375 0.3296875 0.2453125
2 0.49765625 0.45390625 0.5484375 0.4484375