1 0.7640625 0.86953125 0.225 0.2609375
1 0.5484375 0.7859375 0.271875 0.2625
1 0.89453125 0.26640625 0.2109375 0.2703125
1 0.45 0.1640625 0.2359375 0.2703125
1 0.61640625 0.3015625 0.2421875 0.2953125
1 0.07734375 0.425 0.1546875 0.2375
1 0.7890625 0.5203125 0.209375 0.25625
1 0.759375 0.4265625 0.1703125 0.2109375
1 0.596875 0.55 0.221875 0.2296875
1 0.7671875 0.1453125 0.1828125 0.2265625
1 0.1515625 0.16328125 0.225 0.24375
1 0.93125 0.4921875 0.1375 0.278125
1 0.18359375 0.36328125 0.125 0.1578125
2 0.34140625 0.62890625 0.515625 0.6078125