2 0.23125 0.36328125 0.4625 0.7015625
1 0.853125 0.2875 0.2640625 0.2625
1 0.64609375 0.55703125 0.196875 0.221875
1 0.54609375 0.48828125 0.196875 0.221875
1 0.46875 0.22890625 0.2296875 0.3625
1 0.609375 0.253125 0.2 0.240625
1 0.5875 0.109375 0.196875 0.21875
1 0.7484375 0.7703125 0.246875 0.278125
1 0.6953125 0.93359375 0.23125 0.1328125
1 0.36796875 0.68671875 0.2328125 0.2390625
1 0.51875 0.72890625 0.28125 0.3203125
1 0.0796875 0.6546875 0.159375 0.3
1 0.04140625 0.82265625 0.0828125 0.1859375
1 0.42734375 0.940625 0.1953125 0.11875
1 0.24765625 0.83828125 0.26875 0.275
0 0.82265625 0.1484375 0.0828125 0.0875
1 0.80390625 0.675 0.196875 0.221875
1 0.34921875 0.075 0.1921875 0.15