1 0.26171875 0.6859375 0.1828125 0.1453125
1 0.07890625 0.715625 0.1578125 0.15
1 0.5234375 0.321875 0.2328125 0.1734375
1 0.34140625 0.1609375 0.1890625 0.14375
1 0.9265625 0.25859375 0.146875 0.1328125
1 0.7921875 0.15859375 0.2125 0.178125
1 0.66015625 0.78984375 0.1890625 0.1515625
1 0.61953125 0.49296875 0.2 0.1625
1 0.953125 0.1171875 0.09375 0.159375
1 0.63125 0.06015625 0.2109375 0.11875
1 0.28359375 0.034375 0.1796875 0.06875
1 0.09609375 0.08203125 0.1828125 0.1640625
1 0.86796875 0.48046875 0.20625 0.203125
2 0.153125 0.51953125 0.30625 0.2171875
0 0.33671875 0.5203125 0.0921875 0.0671875