1 0.7234375 0.2234375 0.25 0.2078125
1 0.425 0.11875 0.25 0.2078125
1 0.6140625 0.08203125 0.24375 0.1640625
1 0.2765625 0.03515625 0.240625 0.0703125
1 0.13046875 0.36171875 0.2515625 0.2234375
1 0.80546875 0.4859375 0.26875 0.2328125
1 0.81796875 0.6625 0.2765625 0.196875
1 0.9015625 0.36484375 0.196875 0.1890625
1 0.50078125 0.9421875 0.2453125 0.115625
1 0.0671875 0.8875 0.134375 0.115625
1 0.85390625 0.9625 0.1609375 0.075
1 0.8609375 0.834375 0.209375 0.215625
1 0.175 0.821875 0.2296875 0.21875
2 0.43828125 0.534375 0.4984375 0.409375
0 0.0953125 0.46640625 0.0890625 0.059375