1 0.121875 0.915625 0.1859375 0.159375
1 0.353125 0.47421875 0.1859375 0.2609375
1 0.13203125 0.1234375 0.1453125 0.246875
1 0.0515625 0.73984375 0.103125 0.2453125
1 0.29765625 0.12890625 0.1859375 0.2578125
1 0.346875 0.915625 0.18125 0.1671875
1 0.821875 0.75625 0.2171875 0.259375
1 0.496875 0.87578125 0.196875 0.2296875
1 0.9046875 0.50078125 0.190625 0.2296875
1 0.25703125 0.54296875 0.1875 0.271875
1 0.2625 0.340625 0.1671875 0.234375
2 0.825 0.15859375 0.35 0.3140625
0 0.13125 0.59140625 0.0796875 0.09375