2 0.3921875 0.45546875 0.4171875 0.31875
1 0.71953125 0.10625 0.225 0.1921875
1 0.87890625 0.16953125 0.2265625 0.1828125
1 0.7953125 0.259375 0.23125 0.1828125
1 0.6625 0.3265625 0.2328125 0.1484375
1 0.71875 0.35859375 0.2328125 0.1484375
1 0.74921875 0.3921875 0.2328125 0.1484375
1 0.77265625 0.4453125 0.2328125 0.1484375
1 0.74765625 0.8484375 0.2203125 0.1734375
1 0.89375 0.90390625 0.2125 0.1734375
1 0.1328125 0.89375 0.2203125 0.175
1 0.21796875 0.90546875 0.2328125 0.1890625
1 0.35859375 0.12578125 0.2328125 0.203125
1 0.23359375 0.2125 0.2328125 0.203125
1 0.159375 0.134375 0.2328125 0.203125
1 0.075 0.5296875 0.15 0.196875
1 0.9453125 0.446875 0.109375 0.1375
1 0.95390625 0.5125 0.0921875 0.134375