2 0.66171875 0.484375 0.403125 0.3265625
1 0.13203125 0.4796875 0.2640625 0.28125
1 0.39140625 0.3828125 0.296875 0.2328125
1 0.35 0.11171875 0.296875 0.2234375
1 0.48515625 0.2 0.296875 0.2328125
1 0.64609375 0.25859375 0.296875 0.2328125
1 0.70859375 0.16796875 0.2546875 0.2
1 0.8296875 0.1890625 0.2546875 0.2
1 0.903125 0.24140625 0.19375 0.1984375
1 0.85390625 0.115625 0.25 0.171875
1 0.1046875 0.89921875 0.209375 0.1265625
1 0.09765625 0.75546875 0.1953125 0.2359375
1 0.16171875 0.1515625 0.2625 0.2609375
0 0.08203125 0.27265625 0.11875 0.0890625
0 0.93828125 0.71484375 0.08125 0.08125
1 0.334375 0.60625 0.2703125 0.2
1 0.38359375 0.903125 0.2703125 0.19375
1 0.89375 0.9375 0.1125 0.125
1 0.91328125 0.81953125 0.1125 0.1625
1 0.846875 0.959375 0.190625 0.08125