2 0.690625 0.6546875 0.3125 0.3375
1 0.528125 0.32109375 0.2421875 0.2765625
1 0.86875 0.52265625 0.1828125 0.2296875
1 0.8953125 0.33515625 0.209375 0.2578125
1 0.56328125 0.890625 0.1953125 0.21875
1 0.6875 0.91171875 0.19375 0.1765625
1 0.74921875 0.91328125 0.1953125 0.1734375
1 0.86328125 0.9203125 0.1921875 0.159375
1 0.37890625 0.7984375 0.1984375 0.246875
1 0.2 0.765625 0.1984375 0.246875
1 0.115625 0.5109375 0.1984375 0.246875
1 0.17421875 0.10859375 0.2234375 0.2171875
1 0.3703125 0.10234375 0.221875 0.2046875
1 0.78671875 0.13828125 0.221875 0.234375
1 0.73203125 0.30625 0.221875 0.2375
0 0.0484375 0.64140625 0.0671875 0.0765625
1 0.28203125 0.484375 0.2421875 0.2765625
1 0.0796875 0.89140625 0.159375 0.1359375