1 0.29765625 0.74609375 0.31875 0.2578125
1 0.3203125 0.3125 0.3234375 0.278125
1 0.42734375 0.078125 0.2234375 0.15625
1 0.06171875 0.12890625 0.1234375 0.1140625
1 0.81953125 0.16796875 0.271875 0.2484375
1 0.5828125 0.18359375 0.28125 0.2515625
1 0.09140625 0.57421875 0.1828125 0.2171875
1 0.9453125 0.81015625 0.109375 0.1765625
1 0.8703125 0.55390625 0.259375 0.2671875
1 0.8859375 0.37109375 0.2265625 0.2265625
1 0.33125 0.59765625 0.2734375 0.2296875
2 0.5984375 0.4515625 0.5296875 0.4703125