1 0.5515625 0.90546875 0.215625 0.15
1 0.7140625 0.7828125 0.2390625 0.2015625
1 0.2578125 0.89296875 0.24375 0.1765625
1 0.37265625 0.49609375 0.240625 0.1953125
1 0.678125 0.17890625 0.2390625 0.18125
1 0.346875 0.70625 0.2375 0.203125
1 0.6515625 0.43671875 0.196875 0.1484375
1 0.753125 0.3421875 0.196875 0.1484375
1 0.92109375 0.07265625 0.15625 0.1453125
1 0.4375 0.10546875 0.18125 0.16875
1 0.34296875 0.09375 0.225 0.175
1 0.5765625 0.64453125 0.34375 0.171875
1 0.928125 0.80234375 0.14375 0.2015625
1 0.78359375 0.428125 0.1703125 0.134375
0 0.128125 0.69609375 0.0796875 0.0703125
0 0.528125 0.56875 0.08125 0.06875
0 0.60546875 0.31171875 0.103125 0.053125
0 0.95078125 0.15625 0.078125 0.071875
2 0.1953125 0.3046875 0.390625 0.36875