1 0.46015625 0.11171875 0.19375 0.2203125
1 0.8171875 0.284375 0.19375 0.2203125
1 0.284375 0.9203125 0.190625 0.159375
1 0.56640625 0.359375 0.23125 0.2546875
1 0.653125 0.2078125 0.1890625 0.2046875
1 0.6015625 0.09140625 0.2 0.1828125
1 0.325 0.27734375 0.19375 0.2203125
1 0.31171875 0.4078125 0.1875 0.25625
1 0.78828125 0.734375 0.2109375 0.265625
1 0.7703125 0.91953125 0.1859375 0.1328125
1 0.59765625 0.92578125 0.2171875 0.1484375
1 0.9390625 0.42890625 0.121875 0.2265625
1 0.13984375 0.86640625 0.1640625 0.215625
1 0.153125 0.49765625 0.1921875 0.3046875
0 0.45625 0.896875 0.0640625 0.0921875
2 0.5484375 0.65 0.3734375 0.44375