2 0.68046875 0.60234375 0.371875 0.4265625
2 0.52578125 0.86328125 0.2796875 0.2734375
0 0.796875 0.80859375 0.075 0.1
0 0.1640625 0.15 0.075 0.1
1 0.315625 0.38046875 0.2625 0.3296875
1 0.1875 0.69140625 0.215625 0.275
1 0.06328125 0.74140625 0.1265625 0.2734375
1 0.1015625 0.8578125 0.203125 0.1765625
1 0.93046875 0.1796875 0.1390625 0.225
1 0.88359375 0.21640625 0.175 0.2546875
1 0.828125 0.2421875 0.1765625 0.25625
1 0.753125 0.2703125 0.1765625 0.25625
1 0.66171875 0.3171875 0.1765625 0.25625
1 0.88671875 0.78671875 0.1734375 0.2546875
1 0.8703125 0.9046875 0.15 0.190625
1 0.2796875 0.1125 0.15625 0.225
1 0.35234375 0.11796875 0.1703125 0.2359375
1 0.5734375 0.1484375 0.1875 0.246875
1 0.36796875 0.6953125 0.221875 0.2796875