1 0.68984375 0.3234375 0.209375 0.18125
1 0.2640625 0.18125 0.2390625 0.2171875
1 0.175 0.42421875 0.2609375 0.16875
1 0.56953125 0.9046875 0.253125 0.178125
1 0.521875 0.809375 0.278125 0.19375
1 0.25625 0.63828125 0.25625 0.18125
1 0.80234375 0.7015625 0.24375 0.2015625
1 0.7703125 0.5546875 0.2 0.196875
1 0.8734375 0.8703125 0.2359375 0.221875
1 0.90234375 0.3375 0.1953125 0.19375
1 0.11640625 0.08125 0.1859375 0.1625
1 0.1671875 0.8640625 0.25625 0.2015625
1 0.6609375 0.12421875 0.215625 0.1625
1 0.4515625 0.0546875 0.240625 0.109375
1 0.47109375 0.20625 0.2515625 0.25625
2 0.4859375 0.50234375 0.459375 0.43125
0 0.88359375 0.478125 0.096875 0.065625
0 0.20546875 0.74765625 0.10625 0.0921875