0 0.4359375 0.3015625 0.1 0.0953125
2 0.8390625 0.3421875 0.178125 0.1984375
1 0.3203125 0.56953125 0.228125 0.175
1 0.15625 0.296875 0.228125 0.175
1 0.17734375 0.12890625 0.228125 0.175
1 0.53046875 0.20078125 0.228125 0.175
1 0.8703125 0.15625 0.228125 0.175
1 0.60546875 0.4640625 0.228125 0.175
0 0.74296875 0.38359375 0.0671875 0.0546875
1 0.70078125 0.846875 0.228125 0.175
1 0.6984375 0.93046875 0.2171875 0.1296875
1 0.4671875 0.79296875 0.228125 0.175
1 0.62890625 0.68828125 0.228125 0.175
1 0.88046875 0.678125 0.228125 0.175
1 0.87578125 0.68125 0.228125 0.175
1 0.20546875 0.75625 0.228125 0.175
1 0.22421875 0.20703125 0.228125 0.175
1 0.621875 0.05390625 0.2125 0.1078125
1 0.90234375 0.80625 0.1953125 0.175
1 0.3921875 0.9171875 0.228125 0.165625
1 0.1125 0.86640625 0.203125 0.1765625
1 0.10546875 0.67109375 0.203125 0.1765625
0 0.31328125 0.8546875 0.0703125 0.0578125