2 0.51875 0.6875 0.334375 0.3234375
1 0.15703125 0.78515625 0.3140625 0.1953125
1 0.71015625 0.56640625 0.2453125 0.1953125
1 0.821875 0.375 0.2453125 0.1953125
1 0.60625 0.05546875 0.3 0.1109375
1 0.3640625 0.0359375 0.3 0.071875
1 0.07109375 0.59921875 0.1421875 0.2109375
1 0.08203125 0.39765625 0.1640625 0.2734375
1 0.41484375 0.3890625 0.2203125 0.2171875
1 0.875 0.778125 0.2140625 0.3109375
0 0.446875 0.2734375 0.096875 0.1
0 0.575 0.99140625 0.09375 0.0171875
1 0.66953125 0.18359375 0.3234375 0.2375
1 0.89140625 0.28984375 0.2171875 0.1953125
1 0.94140625 0.20390625 0.1171875 0.1953125