2 0.27109375 0.66875 0.303125 0.325
0 0.76953125 0.228125 0.0609375 0.078125
0 0.73984375 0.1 0.0890625 0.109375
0 0.25625 0.91953125 0.0609375 0.078125
1 0.88359375 0.69296875 0.2 0.23125
1 0.425 0.41875 0.2 0.23125
1 0.4890625 0.35625 0.2 0.23125
1 0.58515625 0.39609375 0.2 0.23125
1 0.65703125 0.39140625 0.2 0.23125
1 0.72109375 0.44375 0.2 0.23125
1 0.77890625 0.4640625 0.2 0.23125
1 0.88984375 0.421875 0.2 0.23125
1 0.296875 0.1046875 0.2 0.209375
1 0.459375 0.11015625 0.2 0.2203125
1 0.57265625 0.16953125 0.2 0.23125
1 0.0828125 0.484375 0.165625 0.28125
1 0.62421875 0.915625 0.1984375 0.16875