2 0.47890625 0.44453125 0.4859375 0.3765625
1 0.75546875 0.71328125 0.240625 0.190625
1 0.865625 0.79296875 0.240625 0.190625
1 0.76953125 0.9390625 0.2390625 0.121875
1 0.54140625 0.778125 0.2390625 0.2296875
1 0.32265625 0.7203125 0.2390625 0.2296875
1 0.35390625 0.14609375 0.2390625 0.2296875
1 0.328125 0.078125 0.2125 0.15625
1 0.58203125 0.08515625 0.2546875 0.1703125
1 0.80703125 0.19296875 0.25625 0.1953125
1 0.79765625 0.39375 0.2578125 0.2171875
1 0.80625 0.51875 0.2578125 0.2171875
1 0.91328125 0.51328125 0.1734375 0.2078125
1 0.30234375 0.88671875 0.228125 0.1921875
1 0.11875 0.0609375 0.184375 0.121875
0 0.07578125 0.253125 0.0890625 0.078125
0 0.15703125 0.1609375 0.0890625 0.078125
0 0.45 0.8921875 0.0890625 0.078125