2 0.70703125 0.7515625 0.421875 0.3609375
1 0.634375 0.50234375 0.2875 0.221875
1 0.73203125 0.33515625 0.2875 0.221875
1 0.3640625 0.40625 0.2875 0.221875
1 0.28359375 0.5953125 0.271875 0.2125
1 0.12578125 0.36640625 0.25 0.2421875
1 0.6328125 0.11171875 0.28125 0.2234375
1 0.03671875 0.74609375 0.0734375 0.1984375
1 0.84921875 0.92265625 0.1828125 0.1546875
1 0.50390625 0.909375 0.228125 0.178125
1 0.94609375 0.21171875 0.1078125 0.1859375
1 0.42890625 0.04140625 0.1890625 0.0828125
1 0.209375 0.0625 0.240625 0.125
1 0.334375 0.89765625 0.2703125 0.1953125
0 0.27734375 0.73828125 0.1140625 0.08125
1 0.88671875 0.428125 0.2265625 0.240625
1 0.37109375 0.58046875 0.203125 0.184375
1 0.41796875 0.6421875 0.203125 0.184375