1 0.81796875 0.79765625 0.228125 0.2484375
1 0.49453125 0.43046875 0.20625 0.19375
1 0.61484375 0.6296875 0.1921875 0.246875
1 0.63046875 0.278125 0.2171875 0.25625
1 0.6296875 0.07109375 0.20625 0.1421875
1 0.14609375 0.8984375 0.2234375 0.203125
1 0.08359375 0.70625 0.1484375 0.2203125
1 0.071875 0.19296875 0.14375 0.2359375
1 0.16015625 0.08671875 0.190625 0.125
1 0.33984375 0.0671875 0.190625 0.125
1 0.8453125 0.19140625 0.2 0.25
1 0.59140625 0.7203125 0.1984375 0.2484375
1 0.353125 0.82109375 0.1890625 0.2046875
1 0.32421875 0.20234375 0.234375 0.2890625
1 0.92265625 0.30703125 0.140625 0.225
1 0.05390625 0.39140625 0.1078125 0.2171875
0 0.49609375 0.86953125 0.103125 0.115625
0 0.8765625 0.4625 0.11875 0.153125
2 0.21875 0.525 0.39375 0.4734375