1 0.83984375 0.6546875 0.1890625 0.234375
1 0.42578125 0.5 0.2359375 0.2609375
1 0.0890625 0.68125 0.159375 0.221875
1 0.0984375 0.4984375 0.196875 0.25625
1 0.06875 0.2046875 0.1375 0.2375
1 0.1328125 0.309375 0.2171875 0.25
1 0.05625 0.3296875 0.1125 0.24375
1 0.28671875 0.66484375 0.2359375 0.2609375
1 0.5015625 0.896875 0.1875 0.20625
1 0.2515625 0.94921875 0.184375 0.1015625
1 0.3828125 0.93203125 0.184375 0.1359375
1 0.9578125 0.80546875 0.084375 0.1921875
1 0.60078125 0.11953125 0.1859375 0.2390625
2 0.8 0.125 0.26875 0.25
0 0.33984375 0.13125 0.09375 0.1015625