1 0.465625 0.12265625 0.209375 0.2171875
1 0.8890625 0.3421875 0.221875 0.2375
1 0.86484375 0.5703125 0.1953125 0.21875
1 0.74921875 0.55546875 0.21875 0.2921875
1 0.59375 0.578125 0.11875 0.2953125
1 0.52890625 0.68515625 0.1875 0.2453125
1 0.81796875 0.88515625 0.1953125 0.2296875
1 0.41640625 0.33828125 0.2625 0.225
1 0.13359375 0.36484375 0.1984375 0.278125
1 0.5546875 0.928125 0.21875 0.14375
1 0.678125 0.81796875 0.165625 0.259375
1 0.78046875 0.1609375 0.2140625 0.246875
2 0.28125 0.61875 0.5625 0.6