1 0.3390625 0.49765625 0.1875 0.3296875
1 0.23046875 0.75234375 0.2375 0.2546875
1 0.190625 0.5046875 0.19375 0.225
1 0.19140625 0.31796875 0.2171875 0.246875
1 0.4734375 0.18515625 0.2328125 0.2765625
1 0.49921875 0.43359375 0.2140625 0.24375
1 0.6078125 0.59453125 0.2328125 0.246875
1 0.17421875 0.11171875 0.2359375 0.2234375
1 0.0734375 0.61953125 0.146875 0.2640625
1 0.5390625 0.80625 0.196875 0.2703125
1 0.62890625 0.83515625 0.253125 0.2984375
1 0.89921875 0.4109375 0.2015625 0.25625
1 0.925 0.2875 0.15 0.228125
1 0.79765625 0.70625 0.196875 0.221875
2 0.7015625 0.246875 0.44375 0.4859375
0 0.4234375 0.7640625 0.0625 0.075
0 0.8765625 0.09140625 0.0484375 0.0515625