1 0.41171875 0.3265625 0.1578125 0.196875
1 0.59921875 0.80390625 0.1890625 0.253125
1 0.7015625 0.2359375 0.2078125 0.2703125
1 0.79609375 0.0953125 0.1328125 0.15625
1 0.490625 0.13671875 0.175 0.2375
1 0.23046875 0.30390625 0.15 0.20625
1 0.0875 0.7828125 0.1703125 0.234375
1 0.0609375 0.5640625 0.121875 0.215625
1 0.2015625 0.59375 0.15625 0.209375
1 0.07578125 0.33125 0.1515625 0.209375
1 0.19921875 0.9546875 0.1640625 0.090625
1 0.2265625 0.78984375 0.1703125 0.215625
1 0.93359375 0.44921875 0.1328125 0.2515625
1 0.475 0.4375 0.16875 0.228125
2 0.81796875 0.615625 0.3640625 0.471875
0 0.5953125 0.290625 0.06875 0.0828125