1 0.3125 0.87421875 0.253125 0.2125
1 0.534375 0.9359375 0.265625 0.128125
1 0.67734375 0.628125 0.2515625 0.2109375
1 0.75 0.69609375 0.2734375 0.2203125
1 0.91484375 0.60625 0.1703125 0.18125
1 0.90078125 0.4640625 0.1984375 0.18125
1 0.3921875 0.128125 0.2328125 0.2015625
1 0.61015625 0.13359375 0.2328125 0.2015625
1 0.56484375 0.30859375 0.2328125 0.2015625
1 0.4046875 0.546875 0.25 0.23125
1 0.47265625 0.63984375 0.2484375 0.21875
1 0.2296875 0.7296875 0.296875 0.203125
1 0.16640625 0.5234375 0.2671875 0.1578125
1 0.81328125 0.33125 0.3546875 0.2703125
2 0.2359375 0.33828125 0.471875 0.4296875