1 0.759375 0.69609375 0.184375 0.23125
1 0.64921875 0.09765625 0.1984375 0.1953125
1 0.4796875 0.07265625 0.196875 0.1453125
1 0.25 0.071875 0.2015625 0.1328125
1 0.8953125 0.40859375 0.1703125 0.203125
1 0.30390625 0.7578125 0.1796875 0.2375
1 0.471875 0.803125 0.1796875 0.2375
1 0.9 0.9140625 0.15625 0.1484375
1 0.5859375 0.46015625 0.2359375 0.2984375
1 0.3625 0.93046875 0.175 0.1390625
1 0.24296875 0.9328125 0.1734375 0.134375
1 0.1703125 0.57734375 0.175 0.203125
1 0.07109375 0.0703125 0.1421875 0.115625
2 0.37890625 0.32890625 0.4125 0.4015625
0 0.74921875 0.0296875 0.0640625 0.059375