1 0.89921875 0.4703125 0.2015625 0.240625
1 0.3328125 0.75 0.221875 0.2109375
1 0.44453125 0.9390625 0.2171875 0.121875
1 0.4765625 0.5265625 0.2234375 0.165625
1 0.89453125 0.28828125 0.1984375 0.15625
1 0.6796875 0.38671875 0.1984375 0.15
1 0.065625 0.11875 0.13125 0.2
1 0.55703125 0.215625 0.2015625 0.16875
1 0.6484375 0.9265625 0.2 0.1421875
1 0.85 0.9296875 0.1984375 0.1125
1 0.4859375 0.6328125 0.175 0.1421875
2 0.19453125 0.4421875 0.3 0.2515625
0 0.4078125 0.42421875 0.06875 0.053125
0 0.4875 0.83984375 0.06875 0.053125