2 0.73984375 0.55703125 0.3125 0.365625
1 0.8078125 0.3109375 0.225 0.2625
1 0.44921875 0.340625 0.203125 0.296875
1 0.50859375 0.3140625 0.16875 0.2890625
1 0.5515625 0.25 0.16875 0.2890625
1 0.58515625 0.20234375 0.16875 0.2890625
1 0.63203125 0.18359375 0.16875 0.2890625
1 0.215625 0.4515625 0.225 0.2625
1 0.30546875 0.46171875 0.225 0.2625
1 0.1359375 0.2734375 0.225 0.2625
1 0.02890625 0.2359375 0.0578125 0.246875
1 0.10078125 0.78046875 0.1484375 0.234375
1 0.153125 0.8828125 0.209375 0.234375
1 0.42421875 0.73515625 0.2375 0.2828125
1 0.54609375 0.8921875 0.2328125 0.215625
1 0.3078125 0.1171875 0.2234375 0.209375
1 0.59296875 0.059375 0.2046875 0.11875
1 0.91484375 0.75703125 0.1703125 0.2734375
1 0.73125 0.86640625 0.1921875 0.21875