2 0.43671875 0.471875 0.44375 0.534375
1 0.74765625 0.71328125 0.225 0.2671875
1 0.8421875 0.8140625 0.2234375 0.265625
1 0.94921875 0.6953125 0.1015625 0.25625
1 0.78203125 0.48828125 0.2625 0.271875
1 0.6921875 0.2734375 0.2625 0.271875
1 0.1234375 0.3875 0.246875 0.271875
1 0.06875 0.3703125 0.1375 0.234375
1 0.0953125 0.6265625 0.190625 0.275
1 0.2296875 0.83984375 0.23125 0.2828125
1 0.43046875 0.8015625 0.2515625 0.2875
1 0.55859375 0.79296875 0.2515625 0.2875
1 0.56796875 0.90078125 0.2328125 0.1984375
1 0.85703125 0.2296875 0.2234375 0.2546875
1 0.034375 0.175 0.06875 0.178125
0 0.18671875 0.09453125 0.0875 0.090625
0 0.10390625 0.18671875 0.0890625 0.0984375
0 0.884375 0.37890625 0.0890625 0.0984375