2 0.60859375 0.68984375 0.303125 0.2765625
1 0.3078125 0.4875 0.25 0.2125
1 0.45625 0.8453125 0.2109375 0.1578125
1 0.26953125 0.8671875 0.23125 0.2265625
1 0.86875 0.6 0.2265625 0.171875
1 0.88828125 0.7265625 0.21875 0.1703125
1 0.8859375 0.78671875 0.221875 0.171875
1 0.88359375 0.9 0.221875 0.171875
1 0.790625 0.4078125 0.2265625 0.171875
1 0.78203125 0.2296875 0.2265625 0.171875
1 0.54765625 0.11328125 0.2265625 0.171875
1 0.1265625 0.1125 0.2421875 0.1953125
1 0.1046875 0.3046875 0.20625 0.1953125
1 0.1 0.7140625 0.2 0.196875
1 0.265625 0.68359375 0.2125 0.196875
0 0.07421875 0.95625 0.0953125 0.075
0 0.68359375 0.065625 0.0703125 0.059375
1 0.49921875 0.271875 0.25 0.2125
1 0.93125 0.128125 0.1375 0.146875