1 0.490625 0.7953125 0.225 0.1984375
1 0.26171875 0.81171875 0.2265625 0.1828125
1 0.1359375 0.88203125 0.246875 0.146875
1 0.09140625 0.7390625 0.1828125 0.21875
1 0.309375 0.07109375 0.2375 0.1421875
1 0.16171875 0.05234375 0.1671875 0.1046875
1 0.32578125 0.20625 0.30625 0.2578125
1 0.62265625 0.31796875 0.271875 0.209375
1 0.9484375 0.1484375 0.103125 0.140625
1 0.85 0.35390625 0.2328125 0.20625
1 0.0734375 0.31171875 0.115625 0.159375
1 0.8546875 0.25234375 0.290625 0.2140625
1 0.35546875 0.9328125 0.221875 0.134375
1 0.44296875 0.38671875 0.225 0.1984375
2 0.6671875 0.54375 0.584375 0.5046875