1 0.47890625 0.08359375 0.2171875 0.1671875
1 0.21796875 0.2515625 0.259375 0.20625
1 0.28984375 0.1015625 0.328125 0.175
1 0.29609375 0.62734375 0.2546875 0.2234375
1 0.1765625 0.453125 0.20625 0.203125
1 0.46171875 0.44375 0.3234375 0.18125
1 0.51328125 0.58203125 0.259375 0.20625
1 0.26640625 0.89375 0.2578125 0.1921875
1 0.61171875 0.9203125 0.2578125 0.159375
1 0.05234375 0.425 0.1046875 0.209375
1 0.46640625 0.2796875 0.2140625 0.228125
1 0.76953125 0.175 0.2578125 0.2328125
1 0.40625 0.71484375 0.2015625 0.16875
1 0.89140625 0.88359375 0.15625 0.1640625
1 0.10078125 0.61328125 0.2015625 0.1828125
0 0.7875 0.85625 0.0984375 0.0921875
2 0.78515625 0.503125 0.4296875 0.4125