1 0.82421875 0.2578125 0.253125 0.30625
1 0.80234375 0.6046875 0.2296875 0.3046875
1 0.228125 0.425 0.1984375 0.2578125
1 0.4640625 0.12109375 0.196875 0.2421875
1 0.75546875 0.06328125 0.1984375 0.1265625
1 0.11328125 0.77421875 0.1765625 0.25
1 0.34453125 0.6171875 0.209375 0.25625
1 0.28359375 0.8 0.228125 0.2515625
1 0.471875 0.78125 0.228125 0.2515625
1 0.9421875 0.60703125 0.115625 0.2421875
1 0.6515625 0.15078125 0.203125 0.2515625
1 0.30078125 0.92109375 0.1828125 0.1578125
1 0.06640625 0.18984375 0.1328125 0.2421875
1 0.3484375 0.3359375 0.171875 0.315625
1 0.7 0.82578125 0.2125 0.259375
1 0.090625 0.52734375 0.18125 0.2578125
1 0.9640625 0.83046875 0.071875 0.1796875
0 0.82734375 0.89296875 0.1109375 0.11875
0 0.571875 0.85703125 0.06875 0.0625
2 0.56171875 0.48203125 0.4921875 0.55625