2 0.70859375 0.48203125 0.371875 0.459375
0 0.86484375 0.36796875 0.0796875 0.0828125
0 0.30703125 0.5640625 0.0796875 0.0828125
1 0.87734375 0.6890625 0.225 0.24375
1 0.9046875 0.61328125 0.190625 0.2390625
1 0.41953125 0.6484375 0.215625 0.2421875
1 0.30625 0.76953125 0.215625 0.2421875
1 0.3859375 0.8859375 0.234375 0.228125
1 0.11875 0.7671875 0.2375 0.28125
1 0.115625 0.55390625 0.23125 0.3078125
1 0.115625 0.0953125 0.125 0.190625
1 0.2984375 0.103125 0.26875 0.20625
1 0.54375 0.1078125 0.2375 0.215625
1 0.315625 0.36796875 0.2203125 0.2609375
1 0.8515625 0.91015625 0.178125 0.1796875