1 0.35625 0.29375 0.2 0.2359375
1 0.08125 0.50234375 0.1625 0.2171875
1 0.10859375 0.728125 0.1859375 0.225
1 0.778125 0.4671875 0.1609375 0.228125
1 0.62109375 0.19296875 0.1546875 0.1953125
1 0.84921875 0.390625 0.1578125 0.2078125
1 0.875 0.94765625 0.15625 0.1046875
1 0.8765625 0.6453125 0.1515625 0.1890625
1 0.3296875 0.5671875 0.1625 0.2078125
1 0.4625 0.8296875 0.2234375 0.2515625
1 0.79453125 0.83671875 0.1734375 0.25
1 0.2359375 0.73359375 0.18125 0.2328125
1 0.49375 0.14140625 0.1625 0.2078125
2 0.575 0.55078125 0.33125 0.4140625
0 0.96640625 0.15078125 0.0671875 0.0828125