1 0.62421875 0.90078125 0.2640625 0.1984375
1 0.3828125 0.87890625 0.2640625 0.2125
1 0.23359375 0.078125 0.2640625 0.15625
1 0.18125 0.784375 0.221875 0.1875
1 0.7984375 0.490625 0.221875 0.1875
1 0.9578125 0.1125 0.084375 0.1375
1 0.328125 0.59609375 0.1859375 0.184375
1 0.37890625 0.30234375 0.1859375 0.184375
1 0.61796875 0.45859375 0.1859375 0.184375
1 0.909375 0.684375 0.1640625 0.18125
1 0.16640625 0.3515625 0.2109375 0.1875
1 0.728125 0.23203125 0.2109375 0.1875
1 0.64453125 0.75859375 0.25 0.2
1 0.10703125 0.646875 0.2140625 0.215625
1 0.334375 0.415625 0.1703125 0.1375
2 0.4984375 0.10390625 0.275 0.2078125
0 0.2984375 0.875 0.0640625 0.05