2 0.52734375 0.30546875 0.271875 0.259375
1 0.21328125 0.17109375 0.275 0.1390625
1 0.684375 0.4390625 0.2046875 0.15
1 0.7609375 0.62421875 0.2046875 0.15
1 0.5265625 0.925 0.26875 0.15
1 0.303125 0.9265625 0.26875 0.146875
1 0.11015625 0.9421875 0.2078125 0.115625
1 0.084375 0.3265625 0.16875 0.175
1 0.078125 0.50859375 0.15625 0.2359375
1 0.39609375 0.56015625 0.1796875 0.175
1 0.8859375 0.26875 0.2125 0.2625
0 0.4109375 0.66796875 0.0765625 0.0796875
0 0.61875 0.02109375 0.08125 0.0421875
1 0.59921875 0.77734375 0.271875 0.1796875
1 0.825 0.71171875 0.2046875 0.1515625
1 0.9015625 0.79609375 0.196875 0.1609375