1 0.809375 0.68359375 0.159375 0.215625
1 0.81640625 0.8390625 0.159375 0.215625
1 0.40078125 0.9015625 0.1671875 0.196875
1 0.509375 0.81640625 0.16875 0.253125
1 0.31171875 0.48515625 0.1421875 0.2421875
1 0.396875 0.234375 0.1796875 0.2890625
1 0.1515625 0.3921875 0.171875 0.240625
1 0.95 0.4671875 0.1 0.23125
1 0.1234375 0.77421875 0.184375 0.228125
1 0.90078125 0.20703125 0.1859375 0.228125
1 0.69296875 0.10078125 0.1859375 0.2015625
1 0.21015625 0.1328125 0.15625 0.2015625
1 0.05546875 0.1515625 0.1109375 0.2
1 0.47421875 0.63125 0.18125 0.2015625
1 0.05078125 0.40390625 0.1015625 0.2265625
1 0.2109375 0.59375 0.13125 0.20625
2 0.65859375 0.39453125 0.490625 0.446875