1 0.2828125 0.40625 0.209375 0.2703125
1 0.47890625 0.39453125 0.1984375 0.246875
1 0.37109375 0.89375 0.16875 0.2109375
1 0.1859375 0.66796875 0.21875 0.2671875
1 0.13515625 0.55625 0.1703125 0.2421875
1 0.128125 0.13359375 0.18125 0.2671875
1 0.67265625 0.41328125 0.1796875 0.21875
1 0.85625 0.49140625 0.2046875 0.2578125
1 0.7078125 0.16796875 0.2046875 0.25625
1 0.3203125 0.1140625 0.203125 0.228125
1 0.9703125 0.30390625 0.059375 0.2515625
1 0.84375 0.359375 0.2078125 0.2265625
1 0.621875 0.196875 0.2046875 0.20625
1 0.77265625 0.91328125 0.2046875 0.1734375
2 0.59375 0.71328125 0.3640625 0.48125