1 0.9 0.3390625 0.190625 0.2328125
1 0.45 0.11484375 0.190625 0.2296875
1 0.2421875 0.22421875 0.1984375 0.253125
1 0.06953125 0.615625 0.1390625 0.240625
1 0.22890625 0.6296875 0.1734375 0.221875
1 0.5 0.46015625 0.190625 0.2375
1 0.509375 0.64453125 0.1890625 0.2734375
1 0.60859375 0.7765625 0.203125 0.209375
1 0.48203125 0.9015625 0.2046875 0.196875
1 0.71875 0.4734375 0.2453125 0.3125
1 0.15859375 0.41796875 0.2375 0.26875
1 0.5640625 0.271875 0.190625 0.2328125
2 0.23671875 0.87109375 0.3640625 0.2578125