1 0.55234375 0.86015625 0.25625 0.240625
1 0.49609375 0.70078125 0.1796875 0.221875
1 0.2625 0.865625 0.225 0.2453125
1 0.32265625 0.2 0.2 0.2421875
1 0.55078125 0.2375 0.2015625 0.2234375
1 0.52890625 0.41015625 0.18125 0.2125
1 0.6921875 0.12421875 0.246875 0.2484375
1 0.19453125 0.115625 0.1765625 0.18125
1 0.1046875 0.13203125 0.209375 0.1953125
1 0.33046875 0.58984375 0.2765625 0.290625
1 0.32890625 0.39765625 0.2125 0.23125
1 0.796875 0.7875 0.2265625 0.30625
1 0.11640625 0.5109375 0.2046875 0.259375
2 0.915625 0.6359375 0.16875 0.490625