2 0.33671875 0.15390625 0.4265625 0.3078125
2 0.240625 0.565625 0.48125 0.459375
1 0.44375 0.325 0.2640625 0.1765625
1 0.62578125 0.17578125 0.2328125 0.1734375
1 0.76328125 0.1265625 0.19375 0.14375
1 0.56875 0.490625 0.19375 0.14375
1 0.5375 0.546875 0.19375 0.14375
1 0.7765625 0.48828125 0.19375 0.14375
1 0.76015625 0.5515625 0.19375 0.14375
1 0.74765625 0.60234375 0.19375 0.14375
1 0.9203125 0.8078125 0.1359375 0.1578125
1 0.9296875 0.59765625 0.140625 0.190625
1 0.9625 0.41171875 0.075 0.1796875
1 0.9328125 0.09296875 0.134375 0.1421875
1 0.7203125 0.7484375 0.2359375 0.2234375
1 0.37109375 0.9328125 0.240625 0.134375
1 0.52734375 0.94609375 0.1890625 0.1078125
1 0.740625 0.94765625 0.1875 0.1046875