1 0.1671875 0.6859375 0.184375 0.2328125
1 0.1328125 0.4484375 0.225 0.3109375
1 0.3609375 0.41328125 0.196875 0.2390625
1 0.8703125 0.68515625 0.1859375 0.21875
1 0.61015625 0.83515625 0.225 0.234375
1 0.81796875 0.28203125 0.1640625 0.184375
1 0.4015625 0.73359375 0.1984375 0.253125
1 0.81015625 0.79140625 0.1703125 0.221875
1 0.67421875 0.22421875 0.1640625 0.196875
1 0.6078125 0.56484375 0.1796875 0.1890625
1 0.77734375 0.52734375 0.1796875 0.2203125
1 0.65703125 0.49140625 0.1671875 0.178125
2 0.4234375 0.14921875 0.45625 0.2984375