2 0.38671875 0.49609375 0.278125 0.215625
0 0.4140625 0.684375 0.0703125 0.065625
0 0.5359375 0.615625 0.0703125 0.065625
1 0.24375 0.8625 0.315625 0.2453125
1 0.0390625 0.86640625 0.078125 0.1390625
1 0.0640625 0.8875 0.128125 0.115625
1 0.08359375 0.721875 0.1671875 0.225
1 0.0671875 0.56875 0.134375 0.2125
1 0.68046875 0.37109375 0.2515625 0.215625
1 0.9 0.3578125 0.2 0.184375
1 0.8796875 0.60390625 0.2375 0.184375
1 0.46875 0.3171875 0.2453125 0.2046875
1 0.18828125 0.14296875 0.21875 0.1671875
1 0.14609375 0.04453125 0.1671875 0.0890625
1 0.653125 0.51953125 0.265625 0.2109375
1 0.7046875 0.6265625 0.265625 0.2109375
1 0.71875 0.78359375 0.2546875 0.2171875
1 0.153125 0.43671875 0.228125 0.1921875
1 0.2265625 0.31953125 0.228125 0.1921875
1 0.0625 0.16796875 0.059375 0.184375