1 0.1375 0.1984375 0.2109375 0.2453125
1 0.18125 0.4046875 0.20625 0.24375
1 0.07734375 0.83984375 0.1546875 0.1921875
1 0.26875 0.85625 0.2171875 0.2421875
1 0.52734375 0.915625 0.2390625 0.16875
1 0.509375 0.696875 0.2140625 0.265625
1 0.6953125 0.66171875 0.2140625 0.265625
1 0.86171875 0.40078125 0.2265625 0.2203125
1 0.390625 0.0859375 0.225 0.171875
1 0.85 0.803125 0.2359375 0.2734375
1 0.76484375 0.88203125 0.2359375 0.2359375
1 0.90546875 0.5875 0.1890625 0.215625
1 0.37265625 0.421875 0.2140625 0.26875
1 0.2421875 0.6015625 0.2375 0.2984375
2 0.575 0.24296875 0.46875 0.4859375