1 0.27421875 0.63203125 0.259375 0.24375
1 0.37578125 0.87890625 0.2609375 0.2421875
1 0.4984375 0.8375 0.259375 0.24375
1 0.70234375 0.71328125 0.2234375 0.234375
1 0.490625 0.36953125 0.25625 0.2046875
1 0.54140625 0.19140625 0.25625 0.2046875
1 0.12734375 0.19453125 0.2546875 0.2046875
1 0.896875 0.340625 0.1890625 0.1984375
1 0.29296875 0.4453125 0.2296875 0.20625
1 0.7046875 0.4828125 0.2515625 0.21875
1 0.89609375 0.853125 0.2078125 0.165625
1 0.76484375 0.05859375 0.2578125 0.1171875
2 0.859375 0.6234375 0.28125 0.403125