1 0.9265625 0.478125 0.146875 0.246875
1 0.490625 0.8734375 0.228125 0.253125
1 0.7203125 0.34140625 0.2046875 0.2625
1 0.89765625 0.16875 0.1671875 0.1921875
1 0.0546875 0.75703125 0.109375 0.2484375
1 0.2375 0.67421875 0.18125 0.2125
1 0.54140625 0.434375 0.2234375 0.246875
1 0.54375 0.28828125 0.2234375 0.246875
1 0.77421875 0.57734375 0.221875 0.275
1 0.6546875 0.59453125 0.221875 0.275
1 0.5828125 0.89375 0.215625 0.2125
1 0.48125 0.1578125 0.1875 0.1796875
1 0.87421875 0.775 0.18125 0.2125
2 0.25859375 0.2734375 0.4859375 0.546875