1 0.928125 0.53828125 0.14375 0.2328125
1 0.96875 0.83984375 0.0625 0.2328125
1 0.89921875 0.11484375 0.1546875 0.2296875
1 0.79296875 0.19765625 0.2140625 0.246875
1 0.71875 0.3609375 0.2234375 0.296875
1 0.559375 0.159375 0.1875 0.2328125
1 0.38984375 0.3046875 0.196875 0.225
1 0.4546875 0.8203125 0.234375 0.271875
1 0.73203125 0.90234375 0.2375 0.175
1 0.7359375 0.69453125 0.2078125 0.23125
1 0.684375 0.61875 0.171875 0.19375
1 0.3390625 0.95234375 0.26875 0.0953125
1 0.10078125 0.50703125 0.2015625 0.2015625
1 0.234375 0.721875 0.159375 0.2046875
1 0.15625 0.76640625 0.1859375 0.2609375
2 0.13828125 0.23515625 0.2765625 0.4296875
0 0.32421875 0.47421875 0.1328125 0.178125
0 0.9625 0.72421875 0.075 0.1078125
0 0.90390625 0.93046875 0.096875 0.0796875