1 0.8609375 0.1984375 0.2015625 0.159375
1 0.896875 0.62578125 0.2015625 0.159375
1 0.76875 0.73828125 0.20625 0.1859375
1 0.55859375 0.775 0.1984375 0.165625
1 0.35078125 0.728125 0.2109375 0.1703125
1 0.51875 0.61953125 0.215625 0.1484375
1 0.328125 0.26171875 0.20625 0.1796875
1 0.27109375 0.5265625 0.246875 0.1921875
1 0.15859375 0.1421875 0.240625 0.1859375
1 0.12265625 0.365625 0.2375 0.203125
1 0.48984375 0.1515625 0.20625 0.1796875
1 0.575 0.0890625 0.2046875 0.178125
1 0.45859375 0.4109375 0.225 0.1875
1 0.1453125 0.8203125 0.246875 0.1921875
1 0.396875 0.90390625 0.2296875 0.175
1 0.86640625 0.9171875 0.2296875 0.165625
1 0.6046875 0.93125 0.215625 0.1375
1 0.0828125 0.53359375 0.165625 0.1671875
2 0.771875 0.42265625 0.45625 0.3609375