1 0.11953125 0.44921875 0.2390625 0.2015625
1 0.1109375 0.61640625 0.221875 0.2046875
1 0.74609375 0.59140625 0.2453125 0.2125
1 0.8 0.76796875 0.2890625 0.23125
1 0.32734375 0.51875 0.2328125 0.21875
1 0.90703125 0.484375 0.1859375 0.221875
1 0.49609375 0.6078125 0.246875 0.175
1 0.80390625 0.94609375 0.2421875 0.1078125
1 0.53671875 0.74609375 0.2578125 0.2078125
1 0.3046875 0.73515625 0.2359375 0.2015625
1 0.825 0.3171875 0.25625 0.2046875
1 0.5375 0.90546875 0.240625 0.1890625
1 0.09765625 0.8203125 0.1953125 0.215625
1 0.76796875 0.10390625 0.253125 0.1625
2 0.359375 0.175 0.509375 0.35
0 0.5109375 0.53203125 0.1 0.071875