2 0.26640625 0.3640625 0.446875 0.4859375
1 0.73828125 0.4609375 0.2328125 0.2625
1 0.8640625 0.74375 0.2328125 0.2625
1 0.709375 0.26328125 0.20625 0.2375
1 0.85078125 0.29453125 0.20625 0.2375
1 0.915625 0.4453125 0.16875 0.2375
1 0.93984375 0.265625 0.1203125 0.234375
1 0.58671875 0.8375 0.20625 0.2375
1 0.52734375 0.8265625 0.20625 0.2375
1 0.43984375 0.85 0.20625 0.2375
1 0.3671875 0.85234375 0.20625 0.2375
1 0.1859375 0.86640625 0.2078125 0.1984375
1 0.0859375 0.43984375 0.171875 0.3078125
1 0.56953125 0.08359375 0.1890625 0.1671875
1 0.43359375 0.071875 0.1890625 0.14375
1 0.0484375 0.84375 0.096875 0.175
1 0.3765625 0.61875 0.215625 0.2015625
1 0.88203125 0.15 0.2359375 0.2125
1 0.25390625 0.72421875 0.178125 0.2578125
1 0.71953125 0.9296875 0.2296875 0.140625