1 0.48203125 0.10234375 0.23125 0.1671875
1 0.25390625 0.21015625 0.2390625 0.2078125
1 0.6546875 0.9015625 0.225 0.178125
1 0.6484375 0.6640625 0.25625 0.15625
1 0.4546875 0.3640625 0.2328125 0.2015625
1 0.21640625 0.67265625 0.25625 0.15625
1 0.2046875 0.509375 0.278125 0.1609375
1 0.8984375 0.79296875 0.19375 0.1703125
1 0.06875 0.3734375 0.1359375 0.140625
1 0.9078125 0.6421875 0.178125 0.159375
1 0.934375 0.10703125 0.13125 0.1828125
1 0.3984375 0.9546875 0.2109375 0.090625
1 0.103125 0.06015625 0.19375 0.1203125