1 0.146875 0.72109375 0.228125 0.1890625
1 0.49609375 0.81796875 0.228125 0.1890625
1 0.171875 0.05 0.221875 0.1
1 0.44296875 0.0734375 0.2265625 0.146875
1 0.71796875 0.19375 0.228125 0.1890625
1 0.76875 0.66015625 0.2359375 0.2125
1 0.51640625 0.9046875 0.2984375 0.190625
1 0.634375 0.4953125 0.2015625 0.1921875
1 0.34765625 0.57734375 0.2140625 0.190625
1 0.88671875 0.68984375 0.2 0.1875
0 0.96171875 0.3890625 0.0765625 0.084375
0 0.7859375 0.934375 0.0734375 0.065625
0 0.58203125 0.1453125 0.090625 0.075
0 0.19375 0.12265625 0.0875 0.0828125
0 0.04296875 0.353125 0.059375 0.06875
2 0.35703125 0.29375 0.5234375 0.446875