1 0.6875 0.3171875 0.2140625 0.265625
1 0.35234375 0.76328125 0.2140625 0.265625
1 0.228125 0.2671875 0.2140625 0.265625
1 0.4171875 0.48984375 0.14375 0.271875
1 0.68671875 0.575 0.2296875 0.275
1 0.4359375 0.1046875 0.196875 0.209375
1 0.6390625 0.1078125 0.234375 0.215625
1 0.096875 0.4515625 0.19375 0.265625
1 0.09375 0.11796875 0.1828125 0.1828125
1 0.41796875 0.925 0.2078125 0.15
1 0.4953125 0.4875 0.2140625 0.2625
1 0.77578125 0.10625 0.2234375 0.2125
2 0.64765625 0.81484375 0.3921875 0.3703125