2 0.6703125 0.70859375 0.4390625 0.478125
1 0.44921875 0.734375 0.2203125 0.2578125
1 0.3390625 0.65703125 0.190625 0.2234375
1 0.10234375 0.565625 0.2046875 0.2375
1 0.18515625 0.425 0.278125 0.309375
1 0.1734375 0.90234375 0.21875 0.1953125
1 0.3390625 0.9359375 0.2 0.128125
1 0.9328125 0.5296875 0.134375 0.271875
1 0.8203125 0.3890625 0.2328125 0.2875
1 0.359375 0.33515625 0.221875 0.2390625
1 0.23671875 0.20625 0.240625 0.259375
1 0.8484375 0.09765625 0.175 0.1953125
1 0.7140625 0.0640625 0.25 0.128125
1 0.05078125 0.19609375 0.1015625 0.2140625
1 0.878125 0.64765625 0.2234375 0.3453125
1 0.52265625 0.34296875 0.2484375 0.290625
0 0.409375 0.4296875 0.0703125 0.0796875