1 0.1203125 0.2484375 0.240625 0.228125
1 0.20546875 0.453125 0.2625 0.2734375
1 0.68671875 0.09921875 0.2671875 0.1984375
1 0.81015625 0.51796875 0.2671875 0.2375
1 0.66875 0.3640625 0.290625 0.2453125
1 0.58125 0.90546875 0.240625 0.1890625
1 0.44921875 0.2078125 0.253125 0.2109375
1 0.540625 0.23125 0.2078125 0.175
1 0.43046875 0.3953125 0.228125 0.221875
1 0.81171875 0.21015625 0.221875 0.1828125
1 0.8265625 0.80625 0.24375 0.225
1 0.46640625 0.06953125 0.2703125 0.1390625
1 0.63203125 0.78515625 0.1546875 0.1265625
2 0.3671875 0.64609375 0.6015625 0.5203125