1 0.596875 0.5703125 0.23125 0.171875
1 0.6546875 0.31953125 0.23125 0.171875
1 0.66328125 0.39921875 0.23125 0.171875
1 0.84765625 0.4171875 0.225 0.1828125
1 0.77265625 0.16796875 0.225 0.1828125
1 0.77890625 0.0640625 0.2234375 0.128125
1 0.9140625 0.57734375 0.171875 0.1671875
1 0.903125 0.63984375 0.1875 0.1671875
1 0.8515625 0.6828125 0.1875 0.1671875
1 0.8125 0.7515625 0.1875 0.1671875
1 0.7734375 0.79375 0.1875 0.1671875
1 0.74453125 0.828125 0.1875 0.1671875
1 0.51875 0.7546875 0.1875 0.1671875
1 0.5390625 0.80625 0.1875 0.1671875
1 0.57265625 0.8609375 0.1875 0.1671875
1 0.29921875 0.70078125 0.234375 0.1765625
1 0.28671875 0.08671875 0.2328125 0.1578125
1 0.21171875 0.2125 0.234375 0.178125
1 0.2734375 0.3625 0.1828125 0.15
1 0.1046875 0.63203125 0.1828125 0.15
1 0.40078125 0.93515625 0.1828125 0.1296875
2 0.190625 0.89140625 0.28125 0.2171875
1 0.4734375 0.42734375 0.23125 0.171875
1 0.1625 0.3453125 0.23125 0.171875
0 0.0265625 0.32265625 0.053125 0.0546875