1 0.67109375 0.17109375 0.240625 0.196875
1 0.1 0.33125 0.2 0.2125
1 0.0828125 0.4984375 0.165625 0.20625
1 0.0953125 0.7234375 0.1640625 0.209375
1 0.38125 0.07734375 0.20625 0.153125
1 0.77109375 0.6109375 0.2453125 0.1953125
1 0.80078125 0.44375 0.2453125 0.1953125
1 0.8734375 0.04921875 0.15625 0.0984375
1 0.45546875 0.36171875 0.309375 0.2546875
1 0.9296875 0.5375 0.140625 0.18125
1 0.93671875 0.653125 0.1265625 0.18125
1 0.60546875 0.75703125 0.2109375 0.1875
1 0.1140625 0.9109375 0.153125 0.178125
2 0.34453125 0.575 0.4265625 0.434375
0 0.0265625 0.2390625 0.053125 0.06875