1 0.87734375 0.1140625 0.1890625 0.228125
1 0.7390625 0.15859375 0.2 0.2453125
1 0.23828125 0.165625 0.1734375 0.2390625
1 0.5609375 0.28828125 0.21875 0.2796875
1 0.6609375 0.46015625 0.21875 0.2796875
1 0.746875 0.86953125 0.2015625 0.2296875
1 0.82890625 0.46015625 0.1796875 0.225
1 0.175 0.7453125 0.196875 0.25625
1 0.159375 0.33203125 0.21875 0.234375
1 0.3875 0.3375 0.190625 0.221875
1 0.3796875 0.1109375 0.190625 0.21875
1 0.2953125 0.875 0.19375 0.25
1 0.42109375 0.91640625 0.1765625 0.1671875
0 0.86640625 0.62734375 0.0625 0.1015625
0 0.7390625 0.6484375 0.1 0.121875
0 0.2078125 0.5671875 0.075 0.103125
0 0.2171875 0.64765625 0.06875 0.08125
2 0.475 0.68359375 0.384375 0.453125