1 0.72890625 0.4734375 0.209375 0.209375
1 0.5171875 0.31875 0.209375 0.209375
1 0.23125 0.128125 0.209375 0.209375
1 0.10234375 0.32109375 0.2046875 0.2109375
1 0.16015625 0.7234375 0.2109375 0.2109375
1 0.33359375 0.8453125 0.16875 0.1984375
1 0.75078125 0.78046875 0.196875 0.2125
1 0.4140625 0.2140625 0.1984375 0.246875
1 0.240625 0.51796875 0.1984375 0.246875
1 0.54921875 0.7671875 0.178125 0.2390625
1 0.15703125 0.92265625 0.1671875 0.1546875
1 0.8625 0.03984375 0.18125 0.0796875
2 0.409375 0.4984375 0.2125 0.284375