1 0.3734375 0.35859375 0.2546875 0.225
1 0.653125 0.4421875 0.2546875 0.225
1 0.8640625 0.4265625 0.2546875 0.225
1 0.1859375 0.65703125 0.2546875 0.225
1 0.05703125 0.765625 0.1140625 0.165625
1 0.559375 0.746875 0.2484375 0.209375
1 0.57890625 0.87734375 0.2484375 0.2078125
1 0.759375 0.80625 0.234375 0.2125
1 0.3 0.13671875 0.234375 0.2125
1 0.67734375 0.24375 0.259375 0.24375
1 0.528125 0.09296875 0.296875 0.1859375
1 0.11640625 0.30078125 0.2 0.2046875
1 0.1421875 0.23984375 0.221875 0.209375
1 0.85078125 0.15234375 0.234375 0.2125
2 0.28125 0.859375 0.5 0.28125
0 0.40234375 0.71171875 0.1140625 0.0828125