1 0.23984375 0.771875 0.2453125 0.2140625
1 0.2234375 0.57734375 0.2390625 0.165625
1 0.915625 0.42265625 0.16875 0.1765625
1 0.48671875 0.440625 0.2515625 0.178125
1 0.1828125 0.45625 0.215625 0.1484375
1 0.69921875 0.828125 0.265625 0.196875
1 0.878125 0.73359375 0.20625 0.178125
1 0.94921875 0.8625 0.1015625 0.165625
1 0.9609375 0.63828125 0.078125 0.1734375
1 0.71328125 0.53671875 0.20625 0.178125
1 0.66796875 0.63359375 0.2453125 0.1859375
1 0.83984375 0.04921875 0.2078125 0.0984375
1 0.60546875 0.0390625 0.2640625 0.078125
2 0.73828125 0.225 0.484375 0.425
0 0.3703125 0.76875 0.0921875 0.078125
0 0.63359375 0.946875 0.096875 0.0890625