1 0.32265625 0.2265625 0.303125 0.21875
1 0.54921875 0.76015625 0.2609375 0.225
1 0.71484375 0.86640625 0.2609375 0.1875
1 0.70234375 0.65234375 0.2765625 0.225
1 0.24921875 0.8921875 0.265625 0.1828125
1 0.31875 0.07890625 0.246875 0.1578125
1 0.7171875 0.29921875 0.2484375 0.2015625
1 0.5515625 0.1609375 0.2328125 0.24375
1 0.94375 0.52734375 0.1125 0.1953125
1 0.13671875 0.6421875 0.2734375 0.25625
0 0.5859375 0.41171875 0.09375 0.0828125
0 0.02421875 0.7890625 0.0484375 0.075
2 0.31171875 0.41953125 0.3921875 0.3328125