2 0.28828125 0.24609375 0.2921875 0.234375
1 0.690625 0.709375 0.2890625 0.2078125
1 0.778125 0.571875 0.2265625 0.1984375
1 0.578125 0.5875 0.2265625 0.1984375
1 0.52578125 0.55234375 0.2265625 0.1984375
1 0.69609375 0.11328125 0.2984375 0.2125
1 0.578125 0.08125 0.25625 0.1625
1 0.51015625 0.19765625 0.25625 0.175
1 0.57109375 0.2578125 0.25625 0.175
1 0.584375 0.325 0.25625 0.175
1 0.6234375 0.41328125 0.25625 0.175
1 0.903125 0.1703125 0.19375 0.171875
1 0.9078125 0.24140625 0.184375 0.1703125
1 0.9125 0.3984375 0.175 0.16875
1 0.0921875 0.81875 0.184375 0.171875
1 0.2078125 0.93515625 0.2109375 0.09375
1 0.7671875 0.97109375 0.2125 0.0578125
1 0.6140625 0.953125 0.24375 0.09375
1 0.53828125 0.92890625 0.2484375 0.1421875
1 0.90703125 0.94453125 0.1078125 0.1109375
1 0.90859375 0.865625 0.128125 0.1828125
1 0.890625 0.8421875 0.16875 0.1859375
1 0.24609375 0.07265625 0.2578125 0.1453125
1 0.053125 0.40234375 0.10625 0.16875
1 0.25078125 0.66953125 0.2625 0.2203125
1 0.39140625 0.74296875 0.2625 0.2203125
1 0.42109375 0.83359375 0.2625 0.2203125
0 0.74921875 0.865625 0.1125 0.0828125
0 0.909375 0.48671875 0.0921875 0.065625
1 0.36171875 0.95078125 0.234375 0.0984375