1 0.89296875 0.38203125 0.2140625 0.1953125
1 0.8984375 0.21328125 0.203125 0.1953125
1 0.63046875 0.33203125 0.228125 0.1953125
1 0.18203125 0.534375 0.2484375 0.2125
1 0.3734375 0.678125 0.2859375 0.225
1 0.75234375 0.75390625 0.234375 0.18125
1 0.1984375 0.16640625 0.2859375 0.225
1 0.096875 0.25 0.153125 0.18125
1 0.515625 0.10078125 0.196875 0.2015625
1 0.76328125 0.91328125 0.2953125 0.1734375
1 0.90625 0.63203125 0.178125 0.1640625
1 0.20625 0.63984375 0.2203125 0.215625
1 0.22578125 0.34609375 0.2640625 0.2046875
2 0.60078125 0.56796875 0.490625 0.3875