1 0.31015625 0.29140625 0.275 0.24375
1 0.60234375 0.078125 0.2671875 0.15625
1 0.86328125 0.4078125 0.2734375 0.24375
1 0.81171875 0.60390625 0.25625 0.2203125
1 0.89375 0.73046875 0.2125 0.2203125
1 0.7328125 0.84140625 0.2609375 0.21875
1 0.890625 0.1765625 0.1515625 0.1953125
1 0.59609375 0.43125 0.2359375 0.2359375
1 0.915625 0.87734375 0.16875 0.1453125
1 0.5421875 0.578125 0.2421875 0.221875
1 0.43828125 0.40703125 0.2703125 0.225
1 0.17578125 0.3921875 0.2515625 0.196875
1 0.53828125 0.81875 0.190625 0.253125
2 0.29609375 0.7453125 0.365625 0.3171875
0 0.09765625 0.5109375 0.0875 0.0734375
0 0.3203125 0.94375 0.0734375 0.0625