2 0.4921875 0.175 0.34375 0.35
1 0.421875 0.49140625 0.1875 0.2359375
1 0.64453125 0.71953125 0.2078125 0.253125
1 0.44296875 0.79296875 0.2078125 0.253125
1 0.11796875 0.8078125 0.190625 0.2984375
1 0.28359375 0.41015625 0.221875 0.303125
1 0.0421875 0.4 0.084375 0.278125
1 0.0625 0.55703125 0.125 0.2109375
1 0.21015625 0.665625 0.16875 0.215625
1 0.35703125 0.953125 0.2109375 0.09375
1 0.35 0.609375 0.2078125 0.253125
1 0.18828125 0.10703125 0.1875 0.15
1 0.2921875 0.08125 0.15 0.128125
1 0.70078125 0.42890625 0.2078125 0.246875
1 0.7625 0.4515625 0.13125 0.178125
1 0.9390625 0.4265625 0.121875 0.246875
1 0.93203125 0.53359375 0.1359375 0.2515625
1 0.9703125 0.81875 0.059375 0.225
1 0.8828125 0.0734375 0.128125 0.146875
1 0.8078125 0.20078125 0.2484375 0.3265625
1 0.6765625 0.2296875 0.23125 0.2671875
1 0.575 0.84140625 0.246875 0.303125