1 0.42734375 0.7203125 0.2390625 0.2375
1 0.63984375 0.5625 0.2390625 0.2375
1 0.89453125 0.3453125 0.2109375 0.2375
1 0.759375 0.16171875 0.2390625 0.2375
1 0.35390625 0.11015625 0.2390625 0.2203125
1 0.1859375 0.2328125 0.2171875 0.19375
1 0.125 0.65078125 0.2375 0.225
1 0.77109375 0.4953125 0.2734375 0.2328125
1 0.52890625 0.2390625 0.2734375 0.2328125
1 0.196875 0.4609375 0.2625 0.2109375
1 0.1640625 0.06640625 0.171875 0.1328125
1 0.83515625 0.94140625 0.1640625 0.1171875
2 0.4984375 0.40625 0.3125 0.2515625