1 0.11640625 0.62109375 0.225 0.2859375
1 0.23046875 0.29765625 0.203125 0.2859375
1 0.728125 0.62421875 0.175 0.24375
1 0.41796875 0.85546875 0.175 0.24375
1 0.11640625 0.8703125 0.184375 0.2078125
1 0.928125 0.325 0.14375 0.2375
1 0.6703125 0.4109375 0.1875 0.2390625
1 0.77734375 0.25390625 0.20625 0.2328125
1 0.59375 0.21953125 0.20625 0.2328125
1 0.078125 0.25078125 0.134375 0.2296875
1 0.25078125 0.76875 0.1796875 0.234375
1 0.7984375 0.1171875 0.1671875 0.1765625
1 0.865625 0.8953125 0.215625 0.209375
1 0.58984375 0.67578125 0.140625 0.303125
1 0.3875 0.11875 0.1875 0.2375
1 0.90078125 0.5671875 0.1875 0.2421875
1 0.1 0.0546875 0.134375 0.109375
0 0.28515625 0.0359375 0.0984375 0.071875
0 0.51875 0.1203125 0.0625 0.0546875
2 0.4265625 0.4796875 0.44375 0.5140625