2 0.6390625 0.30703125 0.425 0.36875
1 0.584375 0.0984375 0.2921875 0.18125
1 0.15078125 0.684375 0.28125 0.209375
1 0.11328125 0.8640625 0.2265625 0.196875
1 0.10234375 0.7609375 0.2046875 0.20625
1 0.075 0.371875 0.1484375 0.2125
1 0.096875 0.2140625 0.1484375 0.2125
1 0.1390625 0.20625 0.209375 0.2203125
1 0.55390625 0.678125 0.23125 0.203125
1 0.42265625 0.86328125 0.23125 0.203125
1 0.43046875 0.55390625 0.2859375 0.25625
1 0.74609375 0.9375 0.2296875 0.125
1 0.6609375 0.040625 0.303125 0.08125
1 0.91484375 0.28359375 0.1703125 0.2765625
1 0.371875 0.39453125 0.2109375 0.171875
1 0.303125 0.2875 0.23125 0.20625
1 0.60390625 0.59453125 0.23125 0.203125