2 0.2765625 0.61015625 0.4390625 0.3953125
1 0.3234375 0.39375 0.2390625 0.196875
1 0.43203125 0.315625 0.2046875 0.16875
1 0.596875 0.1125 0.2171875 0.2
1 0.69765625 0.2453125 0.284375 0.2484375
1 0.20546875 0.07890625 0.2828125 0.1578125
1 0.125 0.21171875 0.20625 0.1875
1 0.3515625 0.93125 0.2578125 0.1359375
1 0.52734375 0.85546875 0.2671875 0.20625
1 0.7265625 0.43828125 0.2203125 0.2
1 0.88359375 0.3640625 0.2328125 0.215625
1 0.8015625 0.9515625 0.2 0.096875
1 0.89375 0.87109375 0.1609375 0.2328125
1 0.93359375 0.15859375 0.1328125 0.1484375
1 0.265625 0.8265625 0.3296875 0.1890625
1 0.66640625 0.58984375 0.26875 0.221875
0 0.621875 0.4546875 0.0734375 0.0625