1 0.87421875 0.21328125 0.19375 0.2328125
1 0.625 0.64453125 0.1578125 0.2
1 0.1609375 0.65078125 0.1921875 0.225
1 0.796875 0.75546875 0.1921875 0.225
1 0.16875 0.4109375 0.2 0.2609375
1 0.05078125 0.2171875 0.1015625 0.2
1 0.14296875 0.1140625 0.175 0.15625
1 0.3953125 0.046875 0.175 0.09375
1 0.61640625 0.0234375 0.1671875 0.046875
1 0.95703125 0.721875 0.0859375 0.190625
2 0.55546875 0.30625 0.29375 0.353125
1 0.73125 0.2296875 0.1640625 0.2359375
1 0.7734375 0.3984375 0.1640625 0.2359375
1 0.3921875 0.575 0.175 0.25625
1 0.51875 0.68359375 0.1734375 0.2234375