1 0.06953125 0.15625 0.1078125 0.215625
1 0.13828125 0.3125 0.1890625 0.2390625
1 0.2734375 0.43984375 0.1890625 0.2390625
1 0.32421875 0.11796875 0.1890625 0.2359375
1 0.42890625 0.2890625 0.1734375 0.2171875
1 0.54453125 0.12421875 0.16875 0.2484375
1 0.7953125 0.40078125 0.2015625 0.246875
1 0.73203125 0.64921875 0.1984375 0.2515625
1 0.1578125 0.79140625 0.1875 0.25
1 0.7390625 0.89296875 0.1875 0.2140625
1 0.60234375 0.3703125 0.2015625 0.246875
1 0.775 0.11953125 0.18125 0.2140625
1 0.9515625 0.2375 0.096875 0.24375
2 0.41015625 0.71640625 0.4109375 0.5125
0 0.88125 0.6578125 0.1390625 0.1609375
0 0.8265625 0.99140625 0.078125 0.0171875