1 0.2625 0.20390625 0.165625 0.225
1 0.70078125 0.5046875 0.1796875 0.228125
1 0.46953125 0.28125 0.1375 0.2125
1 0.396875 0.42734375 0.1765625 0.271875
1 0.5765625 0.14453125 0.146875 0.23125
1 0.22890625 0.61015625 0.2125 0.246875
1 0.10078125 0.29609375 0.2015625 0.26875
1 0.8515625 0.3765625 0.2234375 0.175
1 0.91015625 0.86328125 0.16875 0.2109375
1 0.88984375 0.06640625 0.14375 0.13125
1 0.70625 0.16796875 0.16875 0.25625
1 0.39140625 0.05859375 0.190625 0.115625
1 0.0359375 0.8484375 0.071875 0.2578125
2 0.5515625 0.7765625 0.396875 0.446875