1 0.74921875 0.41796875 0.221875 0.24375
1 0.62109375 0.2015625 0.196875 0.253125
1 0.7265625 0.175 0.1796875 0.2203125
1 0.67109375 0.86171875 0.2234375 0.2625
1 0.1453125 0.14765625 0.1984375 0.234375
1 0.17890625 0.5265625 0.2109375 0.2703125
1 0.1953125 0.4171875 0.20625 0.25
1 0.5171875 0.603125 0.2109375 0.234375
1 0.07578125 0.76171875 0.125 0.275
1 0.11875 0.94453125 0.146875 0.1109375
1 0.246875 0.93515625 0.1875 0.1296875
1 0.45 0.89765625 0.19375 0.2046875
1 0.27578125 0.77890625 0.1921875 0.2375
1 0.5875 0.63828125 0.1921875 0.2375
1 0.86640625 0.7484375 0.1921875 0.2375
1 0.890625 0.2765625 0.2 0.26875
1 0.51015625 0.39375 0.1890625 0.1828125
1 0.053125 0.41484375 0.10625 0.2453125
2 0.328125 0.1859375 0.303125 0.3640625