1 0.26484375 0.26484375 0.171875 0.2234375
1 0.70078125 0.5203125 0.1859375 0.228125
1 0.46640625 0.32421875 0.1453125 0.2125
1 0.40703125 0.4671875 0.1859375 0.26875
1 0.55859375 0.1875 0.1546875 0.228125
1 0.26015625 0.6515625 0.21875 0.2484375
1 0.11171875 0.3625 0.2203125 0.2703125
1 0.8359375 0.3890625 0.2234375 0.1796875
1 0.9171875 0.84453125 0.165625 0.2109375
1 0.84921875 0.0796875 0.1484375 0.159375
1 0.684375 0.2015625 0.1765625 0.253125
1 0.37578125 0.090625 0.1921875 0.178125
1 0.0765625 0.88203125 0.11875 0.2359375
2 0.578125 0.78125 0.40625 0.4375