1 0.9359375 0.65625 0.128125 0.2875
1 0.96953125 0.8515625 0.0609375 0.175
1 0.84921875 0.8984375 0.2265625 0.1421875
1 0.56640625 0.8859375 0.2234375 0.228125
1 0.3640625 0.5515625 0.23125 0.290625
1 0.825 0.2875 0.196875 0.2546875
1 0.91484375 0.1546875 0.1171875 0.2625
1 0.64921875 0.15234375 0.2 0.2734375
1 0.4765625 0.24609375 0.1953125 0.25
1 0.28203125 0.2953125 0.221875 0.25625
1 0.0921875 0.1625 0.184375 0.2375
1 0.375 0.82421875 0.2 0.253125
1 0.54140625 0.05859375 0.1703125 0.1171875
1 0.765625 0.04375 0.20625 0.0875
2 0.7015625 0.62265625 0.475 0.5734375
0 0.21953125 0.5640625 0.1375 0.1671875
0 0.2953125 0.9484375 0.090625 0.103125