2 0.13046875 0.55 0.2609375 0.3
1 0.34609375 0.17109375 0.2796875 0.20625
1 0.35625 0.46484375 0.2796875 0.20625
1 0.534375 0.38125 0.3328125 0.196875
1 0.565625 0.2328125 0.265625 0.1921875
1 0.325 0.66171875 0.265625 0.1921875
1 0.61640625 0.68359375 0.265625 0.1921875
1 0.8625 0.628125 0.2671875 0.2078125
1 0.840625 0.1546875 0.2875 0.23125
1 0.07265625 0.80234375 0.1453125 0.2015625
1 0.3328125 0.93671875 0.2390625 0.11875
1 0.60390625 0.95078125 0.3140625 0.0984375
1 0.7390625 0.89765625 0.2453125 0.1875
1 0.80234375 0.7703125 0.2953125 0.2328125
1 0.67421875 0.090625 0.259375 0.1734375
1 0.47734375 0.84765625 0.2796875 0.20625