1 0.38125 0.49375 0.1703125 0.2359375
1 0.36015625 0.8390625 0.1984375 0.2453125
1 0.615625 0.80859375 0.1546875 0.2109375
1 0.2171875 0.2234375 0.1640625 0.21875
1 0.265625 0.384375 0.178125 0.2296875
1 0.153125 0.59296875 0.178125 0.2296875
1 0.49140625 0.09765625 0.1984375 0.1953125
1 0.940625 0.48984375 0.11875 0.2453125
1 0.634375 0.1234375 0.19375 0.2390625
1 0.8359375 0.88671875 0.178125 0.2265625
2 0.68828125 0.52890625 0.3203125 0.36875
0 0.146875 0.365625 0.0625 0.0765625
0 0.64296875 0.94609375 0.0640625 0.09375
0 0.86484375 0.85390625 0.0375 0.053125
0 0.3359375 0.63515625 0.065625 0.0765625