1 0.63984375 0.10859375 0.2109375 0.2171875
1 0.8328125 0.0796875 0.2 0.159375
1 0.58125 0.7015625 0.2109375 0.221875
1 0.29140625 0.81953125 0.215625 0.25625
1 0.23984375 0.5703125 0.175 0.2546875
1 0.04375 0.4046875 0.0875 0.2875
1 0.6875 0.45 0.18125 0.240625
1 0.50625 0.26484375 0.18125 0.240625
1 0.8109375 0.20546875 0.1828125 0.2140625
1 0.48671875 0.8359375 0.209375 0.28125
2 0.315625 0.28125 0.2453125 0.3140625
0 0.75859375 0.5203125 0.0609375 0.078125
2 0.05859375 0.715625 0.10625 0.28125