0 0.55703125 0.1703125 0.084375 0.071875
2 0.52578125 0.56875 0.321875 0.246875
1 0.2984375 0.65703125 0.225 0.23125
1 0.58984375 0.78515625 0.221875 0.1625
1 0.7703125 0.9234375 0.221875 0.153125
1 0.86953125 0.9234375 0.221875 0.153125
1 0.93984375 0.83125 0.1203125 0.15625
1 0.7828125 0.5921875 0.1421875 0.171875
1 0.33984375 0.28984375 0.234375 0.15625
1 0.1125 0.628125 0.225 0.1578125
1 0.36796875 0.8703125 0.234375 0.15625
1 0.8640625 0.2890625 0.215625 0.184375
1 0.69296875 0.05546875 0.2203125 0.1109375
1 0.25 0.0890625 0.215625 0.178125
1 0.08046875 0.0703125 0.1578125 0.140625
1 0.14921875 0.328125 0.234375 0.15625
1 0.06484375 0.1984375 0.128125 0.140625