1 0.1765625 0.0890625 0.2765625 0.165625
1 0.77109375 0.5 0.24375 0.171875
1 0.8890625 0.3015625 0.2140625 0.2203125
1 0.8234375 0.65390625 0.228125 0.19375
1 0.0890625 0.64296875 0.175 0.190625
1 0.453125 0.684375 0.228125 0.1921875
1 0.5640625 0.671875 0.228125 0.1921875
1 0.76328125 0.8765625 0.303125 0.2
1 0.853125 0.17421875 0.25 0.1703125
1 0.13203125 0.32578125 0.25 0.1703125
1 0.22578125 0.78046875 0.246875 0.2078125
0 0.2953125 0.55625 0.0734375 0.0671875
0 0.15859375 0.4875 0.0890625 0.065625
0 0.77890625 0.065625 0.096875 0.075
2 0.48046875 0.21875 0.5484375 0.4125