1 0.07265625 0.33125 0.1453125 0.225
1 0.06953125 0.5578125 0.1390625 0.290625
1 0.5984375 0.6078125 0.2390625 0.2703125
1 0.6609375 0.33359375 0.203125 0.253125
1 0.30234375 0.30625 0.203125 0.2703125
1 0.890625 0.41796875 0.21875 0.2640625
1 0.65625 0.88515625 0.196875 0.2078125
1 0.2734375 0.77578125 0.2453125 0.2421875
1 0.19609375 0.61953125 0.2484375 0.30625
1 0.4765625 0.24609375 0.2359375 0.2453125
1 0.4515625 0.91953125 0.221875 0.1609375
0 0.2671875 0.121875 0.0796875 0.1046875
0 0.52265625 0.83046875 0.075 0.0953125
2 0.81015625 0.76875 0.30625 0.3609375