2 0.2625 0.3734375 0.525 0.3875
1 0.37265625 0.603125 0.215625 0.1359375
1 0.13046875 0.59921875 0.259375 0.1703125
1 0.221875 0.75 0.1875 0.1734375
1 0.15859375 0.89609375 0.21875 0.16875
1 0.06796875 0.728125 0.1359375 0.178125
1 0.83984375 0.76640625 0.2265625 0.1953125
1 0.9265625 0.53828125 0.146875 0.1828125
1 0.92890625 0.1390625 0.1421875 0.21875
1 0.7203125 0.09453125 0.240625 0.171875
1 0.2671875 0.15 0.2421875 0.184375
1 0.53515625 0.471875 0.2421875 0.184375
1 0.74921875 0.246875 0.209375 0.196875
1 0.3578125 0.934375 0.221875 0.128125
0 0.8234375 0.5203125 0.084375 0.0796875
1 0.51171875 0.6765625 0.2265625 0.1953125