1 0.29140625 0.30625 0.2484375 0.21875
1 0.56796875 0.09453125 0.2484375 0.1890625
1 0.8 0.43203125 0.2484375 0.21875
1 0.74453125 0.6109375 0.23125 0.196875
1 0.8359375 0.73203125 0.23125 0.196875
1 0.6640625 0.828125 0.234375 0.19375
1 0.8703125 0.2140625 0.2125 0.184375
1 0.55078125 0.44453125 0.2125 0.2125
1 0.86484375 0.88671875 0.2171875 0.1671875
1 0.496875 0.578125 0.2203125 0.2
1 0.40625 0.4171875 0.2453125 0.2015625
1 0.16484375 0.39453125 0.2296875 0.175
1 0.4859375 0.80078125 0.16875 0.228125
2 0.2640625 0.725 0.33125 0.284375
0 0.08828125 0.5015625 0.078125 0.0671875
0 0.28046875 0.90859375 0.06875 0.0578125