1 0.52109375 0.9078125 0.2421875 0.184375
1 0.2859375 0.85546875 0.2484375 0.2015625
1 0.09140625 0.78203125 0.1828125 0.1953125
1 0.75546875 0.6140625 0.253125 0.234375
1 0.62890625 0.784375 0.253125 0.234375
1 0.86328125 0.78515625 0.2171875 0.228125
1 0.8375 0.40078125 0.253125 0.234375
1 0.50625 0.19765625 0.2546875 0.234375
1 0.28984375 0.1640625 0.2546875 0.234375
1 0.18046875 0.0421875 0.2203125 0.084375
1 0.7359375 0.18515625 0.3046875 0.253125
0 0.4125 0.76875 0.084375 0.0765625
2 0.25234375 0.47890625 0.5046875 0.4359375