1 0.7515625 0.853125 0.2375 0.1875
1 0.53828125 0.94921875 0.2609375 0.1015625
1 0.346875 0.65625 0.2375 0.1859375
1 0.28359375 0.73515625 0.25625 0.190625
1 0.090625 0.67109375 0.18125 0.1609375
1 0.09453125 0.52421875 0.1890625 0.1609375
1 0.56484375 0.1109375 0.2171875 0.1796875
1 0.34453125 0.14765625 0.2171875 0.1796875
1 0.415625 0.31796875 0.2171875 0.1796875
1 0.61171875 0.53671875 0.23125 0.2078125
1 0.55625 0.6390625 0.23125 0.1953125
1 0.8140625 0.6953125 0.2859375 0.171875
1 0.85 0.478125 0.2625 0.128125
1 0.16875 0.378125 0.3359375 0.2359375
2 0.75859375 0.3 0.453125 0.3828125