1 0.48203125 0.84375 0.2390625 0.2125
1 0.39375 0.74453125 0.2390625 0.2125
1 0.8546875 0.7171875 0.2390625 0.2125
1 0.73671875 0.925 0.2703125 0.15
1 0.7625 0.87578125 0.2515625 0.1953125
1 0.5890625 0.36796875 0.2390625 0.2125
1 0.14453125 0.50546875 0.2390625 0.2125
1 0.228125 0.91015625 0.234375 0.1546875
1 0.8875 0.48671875 0.225 0.2109375
1 0.88828125 0.134375 0.2234375 0.2125
1 0.29140625 0.0921875 0.2390625 0.184375
1 0.3453125 0.2546875 0.2390625 0.2125
1 0.134375 0.10546875 0.2140625 0.1578125
1 0.66015625 0.18671875 0.2953125 0.2703125
1 0.0703125 0.69140625 0.140625 0.1765625
2 0.12421875 0.2734375 0.228125 0.2140625
0 0.8359375 0.63984375 0.0734375 0.065625