1 0.403125 0.2359375 0.209375 0.2703125
1 0.08046875 0.27578125 0.1328125 0.253125
1 0.26640625 0.11328125 0.2859375 0.2265625
1 0.34453125 0.47890625 0.225 0.2984375
1 0.2625 0.915625 0.1859375 0.11875
1 0.13203125 0.78671875 0.2640625 0.3015625
1 0.82734375 0.48671875 0.2203125 0.265625
1 0.8828125 0.67265625 0.234375 0.3125
1 0.6375 0.60078125 0.2234375 0.2671875
1 0.46015625 0.91796875 0.2390625 0.1640625
1 0.68203125 0.253125 0.246875 0.2875
0 0.89609375 0.29765625 0.084375 0.1046875
2 0.73984375 0.8625 0.4046875 0.275