1 0.690625 0.3578125 0.2140625 0.240625
1 0.76953125 0.83671875 0.2546875 0.2765625
1 0.496875 0.87109375 0.203125 0.2578125
1 0.078125 0.390625 0.15625 0.28125
1 0.14453125 0.45546875 0.2328125 0.3171875
1 0.28125 0.76875 0.215625 0.2921875
1 0.30703125 0.17421875 0.240625 0.28125
1 0.4578125 0.2328125 0.2296875 0.2328125
1 0.15078125 0.103125 0.2328125 0.20625
1 0.71171875 0.1265625 0.2265625 0.23125
1 0.85625 0.95234375 0.1875 0.0953125
1 0.071875 0.81953125 0.14375 0.2734375
1 0.8984375 0.421875 0.19375 0.246875
1 0.9328125 0.6578125 0.134375 0.26875
1 0.77734375 0.6109375 0.2984375 0.29375
2 0.465625 0.5453125 0.5015625 0.5328125
0 0.5578125 0.1234375 0.08125 0.1109375
0 0.15625 0.80390625 0.1078125 0.1234375