1 0.67890625 0.725 0.2578125 0.29375
1 0.92578125 0.6421875 0.1484375 0.2625
1 0.1109375 0.26953125 0.221875 0.2640625
1 0.20078125 0.3 0.221875 0.2640625
1 0.3140625 0.39375 0.253125 0.3265625
1 0.5625 0.3890625 0.2640625 0.2953125
1 0.66328125 0.071875 0.2109375 0.14375
1 0.52734375 0.1796875 0.2375 0.2671875
1 0.29609375 0.1125 0.2125 0.190625
1 0.484375 0.665625 0.2015625 0.2375
1 0.5015625 0.80625 0.2109375 0.2375
1 0.52578125 0.8984375 0.2078125 0.203125
1 0.33359375 0.93359375 0.2015625 0.1328125
1 0.84453125 0.6828125 0.23125 0.2875
2 0.16875 0.815625 0.284375 0.36875
0 0.2546875 0.721875 0.08125 0.096875
0 0.4578125 0.0390625 0.071875 0.078125