2 0.2359375 0.18203125 0.3703125 0.35625
1 0.58984375 0.13203125 0.1734375 0.209375
1 0.128125 0.521875 0.1640625 0.2671875
1 0.7421875 0.07265625 0.15 0.1453125
1 0.7921875 0.63203125 0.15 0.18125
1 0.7625 0.28046875 0.15 0.18125
1 0.70546875 0.2875 0.1578125 0.2234375
1 0.4734375 0.16171875 0.159375 0.24375
1 0.9296875 0.75703125 0.140625 0.2171875
1 0.83828125 0.7 0.1578125 0.2171875
1 0.6296875 0.55390625 0.109375 0.1828125
1 0.55546875 0.53125 0.1171875 0.2078125
1 0.546875 0.77109375 0.2 0.2453125
1 0.55859375 0.93203125 0.1765625 0.1359375
1 0.62890625 0.8359375 0.1796875 0.25
1 0.29140625 0.91015625 0.1828125 0.1796875
1 0.07890625 0.8234375 0.1390625 0.278125
1 0.31171875 0.57109375 0.1609375 0.2328125
1 0.7984375 0.4328125 0.178125 0.2453125