2 0.396875 0.903125 0.2265625 0.19375
0 0.89453125 0.46484375 0.0828125 0.0953125
1 0.36484375 0.578125 0.2140625 0.246875
1 0.53046875 0.6234375 0.18125 0.221875
1 0.53359375 0.834375 0.18125 0.221875
1 0.70546875 0.278125 0.18125 0.221875
1 0.828125 0.23984375 0.18125 0.221875
1 0.68515625 0.09296875 0.16875 0.1828125
1 0.5953125 0.0640625 0.1546875 0.128125
1 0.921875 0.06953125 0.15625 0.1265625
1 0.11171875 0.7109375 0.1421875 0.1953125
1 0.17890625 0.67265625 0.1421875 0.1953125
1 0.20625 0.53984375 0.1421875 0.1953125
1 0.15 0.503125 0.1421875 0.1953125
1 0.11953125 0.46015625 0.1421875 0.1953125
1 0.0859375 0.390625 0.171875 0.2109375
1 0.13984375 0.08046875 0.2203125 0.1609375
1 0.75078125 0.859375 0.171875 0.209375
1 0.93359375 0.725 0.128125 0.225
1 0.9078125 0.90859375 0.16875 0.1828125
1 0.58359375 0.30234375 0.184375 0.2125
1 0.41796875 0.28671875 0.125 0.1859375
1 0.42578125 0.17421875 0.125 0.1859375
1 0.5046875 0.09453125 0.175 0.1890625