2 0.40546875 0.61875 0.3640625 0.309375
1 0.7828125 0.7453125 0.2625 0.2125
1 0.37578125 0.40859375 0.26875 0.1703125
1 0.834375 0.25 0.25 0.165625
1 0.8890625 0.2921875 0.221875 0.165625
1 0.8171875 0.57890625 0.259375 0.2046875
1 0.296875 0.1984375 0.175 0.1734375
1 0.7671875 0.07421875 0.2453125 0.125
1 0.28984375 0.084375 0.2359375 0.16875
1 0.59375 0.39296875 0.265625 0.2046875
1 0.62734375 0.21328125 0.265625 0.2046875
1 0.42421875 0.821875 0.26875 0.1703125
0 0.6984375 0.84609375 0.0859375 0.05625