1 0.35625 0.73828125 0.253125 0.2609375
1 0.496875 0.69921875 0.2390625 0.21875
1 0.34765625 0.240625 0.2546875 0.2359375
1 0.8515625 0.2125 0.2453125 0.203125
1 0.9 0.25 0.1625 0.1734375
1 0.58828125 0.0796875 0.2796875 0.159375
1 0.79296875 0.525 0.2828125 0.215625
1 0.4125 0.9234375 0.284375 0.153125
1 0.69296875 0.84765625 0.2765625 0.2015625
1 0.7296875 0.62421875 0.2765625 0.2015625
1 0.2578125 0.51171875 0.2765625 0.2015625
1 0.52109375 0.46953125 0.2984375 0.234375
2 0.1421875 0.7140625 0.284375 0.50625
1 0.09609375 0.26171875 0.1921875 0.1828125
1 0.225 0.2890625 0.2390625 0.184375
1 0.934375 0.8015625 0.13125 0.20625