2 0.703125 0.40703125 0.2875 0.39375
0 0.8296875 0.27109375 0.065625 0.06875
0 0.746875 0.98359375 0.065625 0.0328125
0 0.33984375 0.55859375 0.065625 0.06875
1 0.9046875 0.57109375 0.1875 0.2046875
1 0.91953125 0.4953125 0.1609375 0.2046875
1 0.4609375 0.6171875 0.171875 0.203125
1 0.3765625 0.75234375 0.171875 0.203125
1 0.47265625 0.86953125 0.1953125 0.23125
1 0.1796875 0.7875 0.228125 0.23125
1 0.1546875 0.584375 0.1796875 0.265625
1 0.05078125 0.11953125 0.1015625 0.2390625
1 0.2421875 0.103125 0.21875 0.20625
1 0.478125 0.08671875 0.19375 0.1734375
1 0.3125 0.371875 0.1734375 0.221875
1 0.93046875 0.85390625 0.1390625 0.2921875