1 0.3015625 0.69609375 0.2171875 0.2640625
1 0.21484375 0.88046875 0.1953125 0.2390625
1 0.45390625 0.75859375 0.1453125 0.228125
1 0.41328125 0.5328125 0.2125 0.2578125
1 0.34765625 0.33203125 0.1875 0.23125
1 0.5359375 0.36640625 0.2109375 0.246875
1 0.82421875 0.1078125 0.2421875 0.215625
1 0.10625 0.4796875 0.1953125 0.24375
1 0.12734375 0.32109375 0.2359375 0.2921875
1 0.59453125 0.59140625 0.2 0.2375
1 0.87109375 0.76015625 0.2375 0.2125
1 0.64609375 0.8921875 0.20625 0.2046875
1 0.49765625 0.91484375 0.1734375 0.1703125
1 0.6078125 0.11796875 0.225 0.2359375
0 0.2234375 0.334375 0.059375 0.06875
0 0.2859375 0.159375 0.0828125 0.096875
2 0.77265625 0.44921875 0.4546875 0.6015625